3	0	656	956	963	
3	1	2	658	659	
3	2	1	81	963	
3	3	660	967	1673	
3	4	78	669	1001	
3	5	6	670	672	
3	6	5	997	1010	
3	7	676	1027	1043	
3	8	9	678	680	
3	9	8	1034	1053	
3	10	11	87	681	
3	11	10	1032	1041	
3	12	690	692	1080	
3	13	699	1085	1618	
3	14	15	701	1088	
3	15	14	1096	1113	
3	16	702	1103	1125	
3	17	668	716	1133	
3	18	121	721	1149	
3	19	723	724	764	
3	20	725	1158	1208	
3	21	757	1192	1231	
3	22	1195	1206	1236	
3	23	735	761	1249	
3	24	162	769	1237	
3	25	770	1273	1291	
3	26	1275	1287	1646	
3	27	776	777	1298	
3	28	778	1308	1310	
3	29	1314	1315	1334	
3	30	179	781	1323	
3	31	1297	1334	1336	
3	32	192	791	1353	
3	33	177	270	1355	
3	34	803	1434	1465	
3	35	813	1400	1409	
3	36	37	817	818	
3	37	36	54	1395	
3	38	819	882	1414	
3	39	824	825	884	
3	40	1385	1403	1563	
3	41	215	1436	1579	
3	42	829	1441	1447	
3	43	830	832	1446	
3	44	261	1430	1454	
3	45	260	1456	1560	
3	46	838	1461	1470	
3	47	839	840	846	
3	48	841	1472	1476	
3	49	847	1464	1478	
3	50	51	867	1350	
3	51	50	873	1524	
3	52	795	1504	1523	
3	53	1411	1553	1556	
3	54	37	1568	1570	
3	55	1400	1574	1576	
3	56	884	1548	1586	
3	57	196	891	1591	
3	58	892	1343	1602	
3	59	968	1613	1615	
3	60	900	1083	1622	
3	61	903	1386	1620	
3	62	905	1616	1631	
3	63	1274	1635	1647	
3	64	65	923	1642	
3	65	64	1661	1674	
3	66	800	927	1684	
3	67	68	932	1689	
3	68	67	937	1691	
3	69	1654	1706	1711	
3	70	936	937	1703	
3	71	300	947	1717	
3	72	945	1720	1735	
3	73	312	1708	1753	
3	74	300	303	946	
3	75	76	92	949	
3	76	75	653	825	
3	77	949	996	1392	
3	78	4	655	772	
3	79	950	954	1001	
3	80	950	953	982	
3	81	2	666	957	
3	82	966	967	1665	
3	83	272	661	700	
3	84	662	978	1007	
3	85	971	976	979	
3	86	87	983	984	
3	87	10	86	665	
3	88	984	988	989	
3	89	666	956	989	
3	90	985	989	1005	
3	91	92	995	998	
3	92	75	91	992	
3	93	1000	1002	1010	
3	94	987	1012	1014	
3	95	671	1014	1015	
3	96	677	1019	1428	
3	97	1025	1028	1060	
3	98	679	694	1033	
3	99	1032	1035	1041	
3	100	826	1042	1419	
3	101	1037	1046	1047	
3	102	675	1048	1049	
3	103	104	1052	1054	
3	104	103	688	1076	
3	105	1034	1056	1058	
3	106	1057	1059	1060	
3	107	659	691	1063	
3	108	109	1073	1698	
3	109	108	1364	1679	
3	110	111	1073	1680	
3	111	110	1074	1676	
3	112	1068	1075	1076	
3	113	690	700	1080	
3	114	1065	1080	1082	
3	115	697	1081	1083	
3	116	1089	1093	2854	
3	117	816	1097	1099	
3	118	1097	1100	1114	
3	119	706	1101	1104	
3	120	1107	1112	1145	
3	121	18	1106	1110	
3	122	709	1111	1113	
3	123	715	1116	1118	
3	124	777	1121	1126	
3	125	715	1128	1138	
3	126	1092	1132	1134	
3	127	139	719	1135	
3	128	718	1128	1137	
3	129	1146	1148	1150	
3	130	1144	1151	1153	
3	131	132	727	2858	
3	132	131	729	1179	
3	133	134	1168	2860	
3	134	133	732	1170	
3	135	730	1169	1245	
3	136	137	618	1172	
3	137	136	726	1176	
3	138	1173	1175	1220	
3	139	127	1178	1179	
3	140	141	620	735	
3	141	140	1183	1188	
3	142	144	736	1238	
3	143	738	1180	2833	
3	144	142	1182	1252	
3	145	733	1186	2873	
3	146	147	741	2876	
3	147	146	1191	1198	
3	148	745	1189	2878	
3	149	742	1190	2880	
3	150	1193	1194	1204	
3	151	152	746	2885	
3	152	151	740	1241	
3	153	1163	1200	1201	
3	154	624	1200	1211	
3	155	626	751	1208	
3	156	755	1205	1230	
3	157	158	1215	2894	
3	158	157	748	1228	
3	159	1217	1222	1265	
3	160	767	1224	1225	
3	161	758	1237	1239	
3	162	24	759	1242	
3	163	761	1243	1245	
3	164	1250	1256	1260	
3	165	765	1155	1254	
3	166	1155	1226	1258	
3	167	756	1226	1260	
3	168	1158	1233	1262	
3	169	769	1265	1266	
3	170	279	1274	1276	
3	171	172	1283	1284	
3	172	171	1281	1298	
3	173	784	1296	1299	
3	174	1301	1318	1341	
3	175	1306	1307	1309	
3	176	779	1311	1333	
3	177	33	1316	1319	
3	178	782	1276	1320	
3	179	30	1270	1326	
3	180	778	1328	1330	
3	181	784	1294	1332	
3	182	1310	1330	1331	
3	183	786	1284	1338	
3	184	1315	1336	1338	
3	185	1319	1337	1340	
3	186	187	1341	1342	
3	187	186	787	1302	
3	188	889	1342	1344	
3	189	793	1343	1346	
3	190	790	1345	1349	
3	191	242	792	1313	
3	192	32	798	1350	
3	193	1354	1355	1591	
3	194	1357	1360	1595	
3	195	1356	1357	1521	
3	196	57	797	1354	
3	197	1361	1362	1683	
3	198	933	1363	1364	
3	199	1368	1369	1372	
3	200	1373	1374	1380	
3	201	806	1438	1445	
3	202	1379	1380	1449	
3	203	1383	1455	1456	
3	204	1385	1387	1422	
3	205	206	811	1388	
3	206	205	275	1386	
3	207	1389	1390	1411	
3	208	1017	1390	1391	
3	209	704	816	1396	
3	210	262	1403	1404	
3	211	822	1407	1578	
3	212	812	823	1549	
3	213	1411	1416	1555	
3	214	828	1431	1432	
3	215	41	1434	1577	
3	216	830	1437	1552	
3	217	1374	1438	1441	
3	218	219	1442	1443	
3	219	218	831	1584	
3	220	1436	1442	1443	
3	221	832	1444	1445	
3	222	1447	1448	1557	
3	223	1450	1455	1559	
3	224	848	1458	1460	
3	225	802	1464	1466	
3	226	853	1472	1474	
3	227	840	852	1473	
3	228	229	231	1475	
3	229	228	843	1433	
3	230	231	1475	1487	
3	231	228	230	1460	
3	232	236	855	1487	
3	233	857	1488	1489	
3	234	1491	1495	2902	
3	235	1494	1498	2907	
3	236	232	237	1502	
3	237	236	1492	2922	
3	238	862	1489	2928	
3	239	1504	1506	1530	
3	240	871	1505	1510	
3	241	242	1512	1513	
3	242	191	241	1351	
3	243	1509	1513	1515	
3	244	867	874	1517	
3	245	246	796	1523	
3	246	245	876	1522	
3	247	799	868	1527	
3	248	877	1527	1528	
3	249	1505	1530	1531	
3	250	1530	1540	2934	
3	251	252	1533	2936	
3	252	251	870	1532	
3	253	1522	1538	1539	
3	254	1538	1545	2939	
3	255	877	1526	1542	
3	256	257	1547	2944	
3	257	256	1535	1542	
3	258	1418	1555	1557	
3	259	1424	1558	1559	
3	260	45	1427	1559	
3	261	44	1561	1564	
3	262	210	1566	1567	
3	263	827	1567	1569	
3	264	1471	1570	1572	
3	265	1573	1576	1577	
3	266	267	1581	1585	
3	267	266	886	1415	
3	268	1582	1583	1584	
3	269	831	1586	1588	
3	270	33	890	1592	
3	271	1597	1609	1611	
3	272	83	1612	1617	
3	273	909	1614	1615	
3	274	905	1616	1618	
3	275	206	1620	1624	
3	276	277	696	1622	
3	277	276	1078	1625	
3	278	906	918	1630	
3	279	170	920	1634	
3	280	281	1636	1639	
3	281	280	907	952	
3	282	907	921	1639	
3	283	292	909	1613	
3	284	909	922	1641	
3	285	904	910	1643	
3	286	928	1282	1650	
3	287	1630	1652	1653	
3	288	1652	1677	1702	
3	289	918	1653	1706	
3	290	1655	1657	1668	
3	291	965	1656	1659	
3	292	283	922	1670	
3	293	923	1673	1674	
3	294	1650	1681	1683	
3	295	801	928	1683	
3	296	660	931	1686	
3	297	948	1690	1691	
3	298	307	1692	1694	
3	299	1697	1701	1715	
3	300	71	74	301	
3	301	300	1715	1744	
3	302	1705	1706	1755	
3	303	74	1718	1750	
3	304	1724	1737	2963	
3	305	312	1753	2979	
3	306	1734	1757	2996	
3	307	298	1724	1748	
3	308	1716	1728	1740	
3	309	942	1719	1749	
3	310	311	1707	1752	
3	311	310	1753	2987	
3	312	73	305	1754	
3	313	2767	2776	2813	
3	314	1759	2047	2090	
3	315	1764	2056	2062	
3	316	1766	1767	2056	
3	317	1777	2050	2098	
3	318	1781	2095	2107	
3	319	1787	2122	2135	
3	320	321	1788	1790	
3	321	320	2129	2146	
3	322	1791	1792	2126	
3	323	1801	1802	2172	
3	324	1807	1809	2711	
3	325	1812	2183	2202	
3	326	1817	2192	2215	
3	327	1841	2227	2334	
3	328	329	2259	2356	
3	329	328	428	2276	
3	330	442	445	2302	
3	331	452	2301	2345	
3	332	333	1882	1883	
3	333	332	2380	2397	
3	334	1887	2388	2403	
3	335	1891	2411	2413	
3	336	1894	2430	2432	
3	337	569	1902	2462	
3	338	592	1911	2472	
3	339	1912	2528	2561	
3	340	1923	1926	1988	
3	341	1927	1928	2508	
3	342	343	1929	1930	
3	343	342	2513	2515	
3	344	354	1932	1934	
3	345	1936	2507	2658	
3	346	1937	1938	2527	
3	347	2541	2546	2652	
3	348	561	1946	2543	
3	349	1953	2564	2572	
3	350	1959	2566	2584	
3	351	352	2458	2613	
3	352	351	1979	2618	
3	353	1908	2597	2617	
3	354	344	2652	2653	
3	355	490	2680	2681	
3	356	2002	2676	2682	
3	357	2005	2175	2709	
3	358	581	2015	2017	
3	359	2019	2069	2732	
3	360	1911	2024	2763	
3	361	2027	2030	2769	
3	362	597	2768	2777	
3	363	2743	2786	2791	
3	364	2030	2031	2783	
3	365	2764	2790	2793	
3	366	367	2044	2046	
3	367	366	1760	1992	
3	368	1763	1882	2050	
3	369	2052	2080	2100	
3	370	1776	2056	2057	
3	371	2061	2063	2072	
3	372	1768	2064	2765	
3	373	2066	2069	2748	
3	374	572	1771	1811	
3	375	2071	2073	2700	
3	376	2070	2072	2074	
3	377	2075	2105	2106	
3	378	1765	2075	2076	
3	379	380	2077	2081	
3	380	379	2070	2076	
3	381	382	2082	2083	
3	382	381	1774	1791	
3	383	2082	2084	2089	
3	384	385	2088	2089	
3	385	384	1764	1776	
3	386	2087	2089	2103	
3	387	2078	2105	2107	
3	388	1784	1785	2109	
3	389	2086	2109	2111	
3	390	1783	2111	2114	
3	391	1787	2116	2118	
3	392	2115	2117	2120	
3	393	2119	2121	2151	
3	394	1789	1804	2123	
3	395	2126	2128	2133	
3	396	1793	2137	2142	
3	397	398	2140	2141	
3	398	397	2132	2139	
3	399	1785	2140	2143	
3	400	401	2144	2147	
3	401	400	1799	2169	
3	402	2129	2148	2150	
3	403	2149	2151	2152	
3	404	405	2165	2766	
3	405	404	1806	2472	
3	406	2160	2168	2169	
3	407	1799	1807	2170	
3	408	1802	1811	2171	
3	409	1808	2173	2175	
3	410	411	2180	2182	
3	411	410	615	2176	
3	412	2179	2182	2184	
3	413	2187	2189	2190	
3	414	2190	2195	2197	
3	415	2196	2198	2232	
2	416	2200	2201	0	
3	417	1826	2205	2229	
3	418	419	2208	2211	
3	419	418	1832	2206	
3	420	1889	2210	2212	
3	421	2179	2220	2221	
3	422	616	1834	2222	
3	423	424	1834	2226	
3	424	423	1830	2224	
3	425	1843	2242	2361	
3	426	453	1844	2246	
3	427	428	617	1846	
3	428	329	427	1848	
3	429	1847	2257	2258	
3	430	2252	2262	2350	
3	431	1849	2255	2263	
3	432	619	1845	2266	
3	433	2271	2274	2275	
3	434	435	2281	2287	
3	435	434	621	2289	
3	436	1851	1852	2284	
3	437	622	2277	2290	
3	438	1875	2288	2291	
3	439	2292	2294	2354	
3	440	441	2296	2307	
3	441	440	623	1858	
3	442	330	1861	2297	
3	443	444	1857	2298	
3	444	443	2300	2341	
3	445	330	1856	2301	
3	446	2300	2301	2315	
3	447	1855	2304	2884	
3	448	1862	2305	2348	
3	449	1863	2251	2308	
3	450	2250	2309	2310	
3	451	624	2309	2323	
3	452	331	2311	2314	
3	453	426	1865	2318	
3	454	1868	2316	2342	
3	455	2324	2325	2339	
3	456	1863	2325	2327	
3	457	2328	2330	2371	
3	458	459	2268	2333	
3	459	458	2332	2895	
3	460	629	1871	2335	
3	461	1878	2336	2338	
3	462	2251	2325	2339	
3	463	2260	2352	2353	
3	464	2306	2348	2357	
3	465	2246	2358	2359	
3	466	1878	1879	2362	
3	467	2245	2344	2370	
3	468	1895	2379	2380	
3	469	577	2381	2382	
3	470	2391	2394	2447	
3	471	2210	2397	2399	
3	472	1896	2400	2402	
3	473	2405	2425	2451	
3	474	2410	2412	2435	
3	475	1892	2421	2444	
3	476	1893	2381	2426	
3	477	2426	2427	2449	
3	478	2432	2433	2435	
3	479	2416	2441	2442	
3	480	481	2450	2451	
3	481	480	1898	2406	
3	482	483	568	2450	
3	483	482	1898	1907	
3	484	485	2452	2454	
3	485	484	1899	2410	
3	486	487	541	2456	
3	487	486	1900	2417	
3	488	2458	2459	2465	
3	489	2461	2462	2676	
3	490	355	2463	2466	
3	491	1906	1908	2453	
3	492	545	1905	2463	
3	493	1909	2461	2682	
3	494	2469	2471	2760	
3	495	1914	1949	2474	
3	496	1913	2474	2478	
3	497	2476	2480	2488	
3	498	2483	2486	2493	
3	499	2485	2487	2538	
3	500	501	1919	2496	
3	501	500	575	2495	
3	502	1984	2497	2498	
3	503	1920	2113	2497	
3	504	1816	1925	2500	
3	505	2502	2508	2661	
3	506	1929	1989	2512	
3	507	1920	1931	2514	
3	508	1931	1982	2514	
3	509	2515	2517	2518	
3	510	560	1793	1933	
3	511	561	2519	2524	
3	512	513	514	2549	
3	513	512	2525	2544	
3	514	512	2526	2552	
3	515	1939	2528	2668	
3	516	2531	2644	2645	
3	517	1945	2481	2531	
3	518	519	1941	2532	
3	519	518	2480	2531	
3	520	2530	2534	2535	
3	521	1943	2481	2535	
3	522	2536	2537	2649	
3	523	2551	2553	2576	
3	524	2557	2559	2578	
3	525	526	2560	2562	
3	526	525	1949	1956	
3	527	1964	2566	2567	
3	528	529	2552	2570	
3	529	528	1952	2527	
3	530	1962	2576	2586	
3	531	535	1956	2579	
3	532	1959	2570	2581	
3	533	1958	1960	2585	
3	534	2586	2588	2592	
3	535	531	1963	2593	
3	536	1964	1968	2914	
3	537	538	2583	2595	
3	538	537	2589	2921	
3	539	1969	2585	2927	
3	540	2600	2602	2604	
3	541	486	2457	2606	
3	542	2603	2607	2612	
3	543	1978	2611	2613	
3	544	545	2614	2615	
3	545	492	544	1975	
3	546	1975	1980	2617	
3	547	1976	2464	2619	
3	548	555	2619	2622	
3	549	550	635	2625	
3	550	549	2601	2636	
3	551	2627	2628	2936	
3	552	553	2633	2939	
3	553	552	2616	2641	
3	554	555	2637	2638	
3	555	548	554	2620	
3	556	2632	2638	2943	
3	557	2514	2642	2644	
3	558	1941	1982	2644	
3	559	560	2647	2649	
3	560	510	559	1985	
3	561	348	511	2656	
3	562	2544	2656	2657	
3	563	2507	2525	2659	
3	564	1937	1986	2659	
3	565	2501	2661	2662	
3	566	2565	2660	2661	
3	567	2666	2667	2668	
3	568	482	1996	2675	
3	569	337	1997	2677	
3	570	2467	2682	2687	
3	571	641	1999	2692	
3	572	374	2699	2705	
3	573	579	2700	2701	
3	574	2704	2706	2741	
3	575	501	2707	2712	
3	576	578	2714	2717	
3	577	469	585	2723	
3	578	576	2018	2725	
3	579	573	2019	2729	
3	580	589	2009	2710	
3	581	358	2733	2756	
3	582	2013	2394	2735	
3	583	2734	2735	2736	
3	584	2719	2755	2784	
3	585	577	1884	2744	
3	586	2066	2745	2746	
3	587	2731	2751	2753	
3	588	2019	2068	2752	
3	589	580	2754	2758	
3	590	2023	2735	2759	
3	591	1910	2022	2760	
3	592	338	1806	2025	
3	593	2764	2765	2778	
3	594	2770	2773	2805	
3	595	2029	2772	2775	
3	596	2766	2768	2779	
3	597	362	2781	2808	
3	598	2041	2785	2786	
3	599	2034	2796	2970	
3	600	603	2799	2985	
3	601	602	2040	2989	
3	602	601	2790	2821	
3	603	600	2816	2817	
2	604	605	2822	0	
5	605	604	612	1824	
3	606	1836	2823	2897	
3	607	619	1845	2824	
3	608	1853	2832	2873	
3	609	1860	2838	2884	
3	610	749	2840	2887	
2	611	612	1871	0	
5	612	605	611	1872	
3	613	1930	2849	2853	
3	614	2178	2851	2898	
3	615	411	2851	2852	
3	616	422	2823	2856	
3	617	427	2858	2863	
3	618	136	619	2864	
3	619	432	607	618	
3	620	140	2866	2872	
3	621	435	2832	2867	
3	622	437	2829	2873	
3	623	441	2874	2881	
3	624	154	451	2886	
3	625	2316	2845	2888	
3	626	155	627	2892	
3	627	626	2319	2842	
3	628	1212	2321	2892	
2	629	460	2897	0	
3	630	2593	2910	2930	
3	631	2914	2915	2924	
3	632	2914	2916	2918	
3	633	2916	2927	2928	
3	634	862	2927	2929	
3	635	549	2934	2940	
3	636	2626	2932	2935	
3	637	2689	2946	2952	
3	638	1998	2946	2948	
3	639	1606	2951	2959	
3	640	2691	2951	2952	
3	641	571	2948	2953	
3	642	2693	2953	2954	
3	643	2694	2954	2955	
3	644	1728	2970	2975	
3	645	941	2970	2971	
3	646	647	648	2974	
3	647	646	2797	2964	
3	648	646	2975	2976	
3	649	2800	2977	2980	
3	650	2815	2982	2985	
3	651	652	990	1412	
3	652	651	653	992	
3	653	76	652	1415	
3	654	655	954	1626	
3	655	78	654	1268	
3	656	0	657	975	
3	657	656	955	977	
3	658	1	957	1061	
3	659	1	107	961	
3	660	3	296	966	
3	661	83	959	968	
3	662	84	982	1008	
3	663	664	987	1013	
3	664	663	665	988	
3	665	87	664	1038	
3	666	81	89	984	
3	667	668	713	771	
3	668	17	667	669	
3	669	4	668	994	
3	670	5	996	1016	
3	671	95	672	1003	
3	672	5	671	673	
3	673	672	1004	1011	
3	674	675	1018	1389	
3	675	102	674	1012	
3	676	7	677	1423	
3	677	96	676	1029	
3	678	8	1052	1068	
3	679	98	680	1069	
3	680	8	679	1036	
3	681	10	983	1030	
3	682	683	1045	1416	
3	683	682	1042	1417	
3	684	685	1043	1059	
3	685	684	1046	1051	
3	686	687	1023	1077	
3	687	686	688	689	
3	688	104	687	1079	
3	689	687	1025	1055	
3	690	12	113	958	
3	691	107	692	960	
3	692	12	691	1067	
3	693	694	1030	1061	
3	694	98	693	695	
3	695	694	1062	1072	
3	696	276	697	698	
3	697	115	696	1075	
3	698	696	1076	1079	
3	699	13	700	1617	
3	700	83	113	699	
3	701	14	1086	1114	
3	702	16	703	704	
3	703	702	1123	1393	
3	704	209	702	705	
3	705	704	1099	1104	
3	706	119	1105	1110	
3	707	708	709	1115	
3	708	707	1136	1175	
3	709	122	707	1221	
3	710	711	712	1125	
3	711	710	720	1102	
3	712	710	1127	1144	
3	713	667	714	1119	
3	714	713	715	716	
3	715	123	125	714	
3	716	17	714	1129	
3	717	718	1138	1139	
3	718	128	717	719	
3	719	127	718	1224	
3	720	711	1108	1151	
3	721	18	722	1108	
3	722	721	1152	1156	
3	723	19	1139	1223	
3	724	19	1143	1154	
3	725	20	1159	1209	
3	726	137	727	2824	
3	727	131	726	1178	
3	728	1167	1168	2826	
3	729	132	730	1246	
3	730	135	729	2863	
3	731	732	1173	2828	
3	732	134	731	1174	
3	733	145	734	761	
3	734	733	735	2829	
3	735	23	140	734	
3	736	142	737	2831	
3	737	736	1181	1239	
3	738	143	739	2833	
3	739	738	1186	1187	
3	740	152	741	2835	
3	741	146	740	1197	
3	742	149	743	1194	
3	743	742	1189	2837	
3	744	1189	1195	1235	
3	745	148	746	2839	
3	746	151	745	1196	
3	747	748	749	2841	
3	748	158	747	1164	
3	749	610	747	750	
3	750	749	1165	1201	
3	751	155	1202	2843	
3	752	1203	1207	2844	
3	753	754	1160	1211	
3	754	753	1157	1212	
3	755	156	1213	2847	
3	756	167	757	1198	
3	757	21	756	1229	
3	758	161	768	1196	
3	759	162	760	1187	
3	760	759	1171	1244	
3	761	23	163	733	
3	762	763	1184	1188	
3	763	762	1250	1252	
3	764	19	765	1255	
3	765	165	764	1154	
3	766	767	1179	1246	
3	767	160	766	1257	
3	768	758	1235	1261	
3	769	24	169	1264	
3	770	25	771	772	
3	771	667	770	1290	
3	772	78	770	1269	
3	773	774	1267	1632	
3	774	773	775	1634	
3	775	774	1276	1279	
3	776	27	1123	1280	
3	777	27	124	1299	
3	778	28	180	1309	
3	779	176	1314	1335	
3	780	1300	1318	1339	
3	781	30	782	1278	
3	782	178	781	1325	
3	783	1272	1326	1330	
3	784	173	181	785	
3	785	784	1333	1335	
3	786	183	1288	1340	
3	787	187	1303	1344	
3	788	789	790	866	
3	789	788	864	1308	
3	790	190	788	1309	
3	791	32	792	1351	
3	792	191	791	1314	
3	793	189	794	1602	
3	794	793	1356	1594	
3	795	52	796	1347	
3	796	245	795	1356	
3	797	196	798	799	
3	798	192	797	1524	
3	799	247	797	1358	
3	800	66	801	1365	
3	801	295	800	1363	
3	802	225	803	1367	
3	803	34	802	1369	
3	804	805	1371	1435	
3	805	804	806	1444	
3	806	201	805	1373	
3	807	1372	1377	1380	
3	808	809	1383	1384	
3	809	808	1375	1461	
3	810	811	1021	1420	
3	811	205	810	1387	
3	812	212	1392	1410	
3	813	35	814	815	
3	814	813	1098	1408	
3	815	813	816	1402	
3	816	117	209	815	
3	817	36	1393	1651	
3	818	36	1406	1685	
3	819	38	820	821	
3	820	819	1412	2855	
3	821	819	822	883	
3	822	211	821	2849	
3	823	212	878	1390	
3	824	39	949	1410	
3	825	39	76	886	
3	826	100	1423	1558	
3	827	263	828	1433	
3	828	214	827	1429	
3	829	42	1437	1553	
3	830	43	216	1587	
3	831	219	269	832	
3	832	43	221	831	
3	833	834	1450	1558	
3	834	833	835	879	
3	835	834	1448	1451	
3	836	837	1381	1457	
3	837	836	849	1462	
3	838	46	1366	1466	
3	839	47	844	1573	
3	840	47	227	1575	
3	841	48	842	843	
3	842	841	1471	1568	
3	843	229	841	1477	
3	844	839	845	1465	
3	845	844	846	847	
3	846	47	845	1488	
3	847	49	845	857	
3	848	224	1479	1480	
3	849	837	850	1459	
3	850	849	1481	1495	
3	851	852	858	1488	
3	852	227	851	859	
3	853	226	854	1486	
3	854	853	855	860	
3	855	232	854	1476	
3	856	857	1478	1490	
3	857	233	847	856	
3	858	851	1489	2917	
3	859	852	1500	2918	
3	860	854	1501	1502	
3	861	862	1490	1503	
3	862	238	634	861	
3	863	864	865	1509	
3	864	789	863	1512	
3	865	863	866	1511	
3	866	788	865	1349	
3	867	50	244	1514	
3	868	247	869	1528	
3	869	868	1359	1518	
3	870	252	871	1507	
3	871	240	870	872	
3	872	871	1531	1532	
3	873	51	874	1543	
3	874	244	873	1537	
3	875	876	1523	1540	
3	876	246	875	1541	
3	877	248	255	1547	
3	878	823	1549	1554	
3	879	834	1419	1557	
3	880	1406	1565	1569	
3	881	1401	1571	1575	
3	882	38	883	1582	
3	883	821	882	1580	
3	884	39	56	885	
3	885	884	886	1588	
3	886	267	825	885	
3	887	1317	1589	1592	
3	888	891	1358	1597	
3	889	188	893	1599	
3	890	270	896	1601	
3	891	57	888	899	
3	892	58	893	1605	
3	893	889	892	2950	
3	894	895	896	2952	
3	895	894	1593	1604	
3	896	890	894	2951	
3	897	898	1608	2954	
3	898	897	1595	1610	
3	899	891	1606	1611	
3	900	60	901	1627	
3	901	900	902	1628	
3	902	901	1084	1618	
3	903	61	1385	1644	
3	904	285	1619	1625	
3	905	62	274	906	
3	906	278	905	1629	
3	907	281	282	1626	
3	908	1614	1637	1641	
3	909	273	283	284	
3	910	285	925	1621	
3	911	912	1619	1645	
3	912	911	926	1644	
3	913	927	1280	1651	
3	914	915	916	1678	
3	915	914	1403	1644	
3	916	914	929	1405	
3	917	918	1631	1654	
3	918	278	289	917	
3	919	920	1635	1659	
3	920	279	919	1657	
3	921	282	1633	1669	
3	922	284	292	923	
3	923	64	293	922	
3	924	925	1621	1677	
3	925	910	924	1676	
3	926	912	1678	1680	
3	927	66	913	928	
3	928	286	295	927	
3	929	916	930	1679	
3	930	929	1365	1685	
3	931	296	964	1688	
3	932	67	936	1074	
3	933	198	934	1698	
3	934	933	944	1693	
3	935	1689	1690	1700	
3	936	70	932	1702	
3	937	68	70	1709	
3	938	1700	1701	1742	
3	939	944	1730	2965	
3	940	941	1729	1743	
3	941	645	940	1728	
3	942	309	943	2997	
3	943	942	1722	1736	
3	944	934	939	1737	
3	945	72	1697	1751	
3	946	74	947	1710	
3	947	71	946	1688	
3	948	297	1697	1720	
3	949	75	77	824	
3	950	79	80	1000	
3	951	952	980	1637	
3	952	281	951	953	
3	953	80	952	954	
3	954	79	654	953	
3	955	657	956	1006	
3	956	0	89	955	
3	957	81	658	983	
3	958	690	959	960	
3	959	661	958	974	
3	960	691	958	961	
3	961	659	960	962	
3	962	961	963	973	
3	963	0	2	962	
3	964	931	965	1658	
3	965	291	964	966	
3	966	82	660	965	
3	967	3	82	1675	
3	968	59	661	974	
3	969	970	971	1615	
3	970	969	980	1614	
3	971	85	969	972	
3	972	971	973	974	
3	973	962	972	975	
3	974	959	968	972	
3	975	656	973	976	
3	976	85	975	977	
3	977	657	976	978	
3	978	84	977	981	
3	979	85	980	981	
3	980	951	970	979	
3	981	978	979	982	
3	982	80	662	981	
3	983	86	681	957	
3	984	86	88	666	
3	985	90	986	1003	
3	986	985	987	988	
3	987	94	663	986	
3	988	88	664	986	
3	989	88	89	90	
3	990	651	991	1132	
3	991	990	992	993	
3	992	92	652	991	
3	993	991	994	1133	
3	994	669	993	999	
3	995	91	996	997	
3	996	77	670	995	
3	997	6	995	998	
3	998	91	997	999	
3	999	994	998	1002	
3	1000	93	950	1008	
3	1001	4	79	1002	
3	1002	93	999	1001	
3	1003	671	985	1004	
3	1004	673	1003	1005	
3	1005	90	1004	1006	
3	1006	955	1005	1007	
3	1007	84	1006	1011	
3	1008	662	1000	1009	
3	1009	1008	1010	1011	
3	1010	6	93	1009	
3	1011	673	1007	1009	
3	1012	94	675	1013	
3	1013	663	1012	1047	
3	1014	94	95	1018	
3	1015	95	1016	1017	
3	1016	670	1015	1391	
3	1017	208	1015	1018	
3	1018	674	1014	1017	
3	1019	96	1020	1426	
3	1020	1019	1021	1026	
3	1021	810	1020	1022	
3	1022	1021	1023	1024	
3	1023	686	1022	1388	
3	1024	1022	1025	1026	
3	1025	97	689	1024	
3	1026	1020	1024	1029	
3	1027	7	1028	1059	
3	1028	97	1027	1029	
3	1029	677	1026	1028	
3	1030	681	693	1031	
3	1031	1030	1032	1033	
3	1032	11	99	1031	
3	1033	98	1031	1036	
3	1034	9	105	1035	
3	1035	99	1034	1036	
3	1036	680	1033	1035	
3	1037	101	1038	1039	
3	1038	665	1037	1040	
3	1039	1037	1040	1056	
3	1040	1038	1039	1041	
3	1041	11	99	1040	
3	1042	100	683	1044	
3	1043	7	684	1044	
3	1044	1042	1043	1050	
3	1045	682	1049	1389	
3	1046	101	685	1057	
3	1047	101	1013	1048	
3	1048	102	1047	1051	
3	1049	102	1045	1050	
3	1050	1044	1049	1051	
3	1051	685	1048	1050	
3	1052	103	678	1053	
3	1053	9	1052	1054	
3	1054	103	1053	1055	
3	1055	689	1054	1058	
3	1056	105	1039	1057	
3	1057	106	1046	1056	
3	1058	105	1055	1060	
3	1059	106	684	1027	
3	1060	97	106	1058	
3	1061	658	693	1062	
3	1062	695	1061	1063	
3	1063	107	1062	1067	
3	1064	1065	1070	1081	
3	1065	114	1064	1066	
3	1066	1065	1067	1071	
3	1067	692	1063	1066	
3	1068	112	678	1069	
3	1069	679	1068	1072	
3	1070	1064	1071	1075	
3	1071	1066	1070	1072	
3	1072	695	1069	1071	
3	1073	108	110	1689	
3	1074	111	932	1677	
3	1075	112	697	1070	
3	1076	104	112	698	
3	1077	686	1078	1623	
3	1078	277	1077	1079	
3	1079	688	698	1078	
3	1080	12	113	114	
3	1081	115	1064	1082	
3	1082	114	1081	1085	
3	1083	60	115	1084	
3	1084	902	1083	1085	
3	1085	13	1082	1084	
3	1086	701	1087	1088	
3	1087	1086	1098	2899	
3	1088	14	1086	1089	
3	1089	116	1088	2851	
3	1090	1091	1132	2855	
3	1091	1090	1092	1093	
3	1092	126	1091	1094	
3	1093	116	1091	1096	
3	1094	1092	1095	1096	
3	1095	1094	1115	1130	
3	1096	15	1093	1094	
3	1097	117	118	1098	
3	1098	814	1087	1097	
3	1099	117	705	1100	
3	1100	118	1099	1105	
3	1101	119	1102	1103	
3	1102	711	1101	1109	
3	1103	16	1101	1104	
3	1104	119	705	1103	
3	1105	706	1100	1107	
3	1106	121	1107	1147	
3	1107	120	1105	1106	
3	1108	720	721	1109	
3	1109	1102	1108	1110	
3	1110	121	706	1109	
3	1111	122	1112	1219	
3	1112	120	1111	1114	
3	1113	15	122	1115	
3	1114	118	701	1112	
3	1115	707	1095	1113	
3	1116	123	1117	1141	
3	1117	1116	1122	1142	
3	1118	123	1119	1120	
3	1119	713	1118	1290	
3	1120	1118	1121	1122	
3	1121	124	1120	1292	
3	1122	1117	1120	1127	
3	1123	703	776	1124	
3	1124	1123	1125	1126	
3	1125	16	710	1124	
3	1126	124	1124	1127	
3	1127	712	1122	1126	
3	1128	125	128	1129	
3	1129	716	1128	1131	
3	1130	1095	1131	1137	
3	1131	1129	1130	1134	
3	1132	126	990	1090	
3	1133	17	993	1134	
3	1134	126	1131	1133	
3	1135	127	1136	1137	
3	1136	708	1135	1177	
3	1137	128	1130	1135	
3	1138	125	717	1141	
3	1139	717	723	1140	
3	1140	1139	1141	1142	
3	1141	1116	1138	1140	
3	1142	1117	1140	1143	
3	1143	724	1142	1144	
3	1144	130	712	1143	
3	1145	120	1146	1219	
3	1146	129	1145	1147	
3	1147	1106	1146	1150	
3	1148	129	1158	1216	
3	1149	18	1150	1159	
3	1150	129	1147	1149	
3	1151	130	720	1152	
3	1152	722	1151	1253	
3	1153	130	1154	1254	
3	1154	724	765	1153	
3	1155	165	166	1166	
3	1156	722	1157	1160	
3	1157	754	1156	1159	
3	1158	20	168	1148	
3	1159	725	1149	1157	
3	1160	753	1156	1162	
3	1161	1162	1163	1200	
3	1162	1160	1161	1253	
3	1163	153	1161	1166	
3	1164	748	1165	1227	
3	1165	750	1164	1166	
3	1166	1155	1163	1165	
3	1167	728	1169	1243	
3	1168	133	728	1171	
3	1169	135	1167	2862	
3	1170	134	1171	1242	
3	1171	760	1168	1170	
3	1172	136	1173	2864	
3	1173	138	731	1172	
3	1174	732	1220	1266	
3	1175	138	708	1176	
3	1176	137	1175	1177	
3	1177	1136	1176	1178	
3	1178	139	727	1177	
3	1179	132	139	766	
3	1180	143	1181	1185	
3	1181	737	1180	2867	
3	1182	144	1184	2870	
3	1183	141	1184	2871	
3	1184	762	1182	1183	
3	1185	1180	1187	1237	
3	1186	145	739	1244	
3	1187	739	759	1185	
3	1188	141	762	1248	
3	1189	148	743	744	
3	1190	149	1192	1193	
3	1191	147	1192	2883	
3	1192	21	1190	1191	
3	1193	150	1190	1230	
3	1194	150	742	1195	
3	1195	22	744	1194	
3	1196	746	758	1240	
3	1197	741	1199	1251	
3	1198	147	756	1199	
3	1199	1197	1198	1250	
3	1200	153	154	1161	
3	1201	153	750	2886	
3	1202	751	1203	1233	
3	1203	752	1202	1232	
3	1204	150	1205	1206	
3	1205	156	1204	2891	
3	1206	22	1204	1207	
3	1207	752	1206	2890	
3	1208	20	155	1209	
3	1209	725	1208	1210	
3	1210	1209	1212	2892	
3	1211	154	753	2322	
3	1212	628	754	1210	
3	1213	755	1214	1231	
3	1214	1213	1215	1229	
3	1215	157	1214	2893	
3	1216	1148	1217	1262	
3	1217	159	1216	1218	
3	1218	1217	1219	1222	
3	1219	1111	1145	1218	
3	1220	138	1174	1221	
3	1221	709	1220	1222	
3	1222	159	1218	1221	
3	1223	723	1224	1225	
3	1224	160	719	1223	
3	1225	160	1223	1255	
3	1226	166	167	1227	
3	1227	1164	1226	1228	
3	1228	158	1227	1229	
3	1229	757	1214	1228	
3	1230	156	1193	1231	
3	1231	21	1213	1230	
3	1232	1203	1234	1236	
3	1233	168	1202	1234	
3	1234	1232	1233	1261	
3	1235	744	768	1236	
3	1236	22	1232	1235	
3	1237	24	161	1185	
3	1238	142	1239	1240	
3	1239	161	737	1238	
3	1240	1196	1238	1241	
3	1241	152	1240	1251	
3	1242	162	1170	1266	
3	1243	163	1167	1244	
3	1244	760	1186	1243	
3	1245	135	163	1247	
3	1246	729	766	1247	
3	1247	1245	1246	1249	
3	1248	1188	1249	1256	
3	1249	23	1247	1248	
3	1250	164	763	1199	
3	1251	1197	1241	1252	
3	1252	144	763	1251	
3	1253	1152	1162	1254	
3	1254	165	1153	1253	
3	1255	764	1225	1258	
3	1256	164	1248	1257	
3	1257	767	1256	1259	
3	1258	166	1255	1259	
3	1259	1257	1258	1260	
3	1260	164	167	1259	
3	1261	768	1234	1263	
3	1262	168	1216	1263	
3	1263	1261	1262	1264	
3	1264	769	1263	1265	
3	1265	159	169	1264	
3	1266	169	1174	1242	
3	1267	773	1268	1279	
3	1268	655	1267	1269	
3	1269	772	1268	1271	
3	1270	179	1271	1273	
3	1271	1269	1270	1278	
3	1272	783	1273	1293	
3	1273	25	1270	1272	
3	1274	63	170	1275	
3	1275	26	1274	1277	
3	1276	170	178	775	
3	1277	1275	1286	1320	
3	1278	781	1271	1279	
3	1279	775	1267	1278	
3	1280	776	913	1281	
3	1281	172	1280	1282	
3	1282	286	1281	1285	
3	1283	171	1297	1336	
3	1284	171	183	1285	
3	1285	1282	1284	1289	
3	1286	1277	1287	1339	
3	1287	26	1286	1288	
3	1288	786	1287	1289	
3	1289	1285	1288	1648	
3	1290	771	1119	1291	
3	1291	25	1290	1292	
3	1292	1121	1291	1295	
3	1293	1272	1294	1331	
3	1294	181	1293	1295	
3	1295	1292	1294	1299	
3	1296	173	1297	1298	
3	1297	31	1283	1296	
3	1298	27	172	1296	
3	1299	173	777	1295	
3	1300	780	1301	1321	
3	1301	174	1300	1302	
3	1302	187	1301	1305	
3	1303	787	1304	1307	
3	1304	1303	1305	1322	
3	1305	1302	1304	1324	
3	1306	175	1327	1328	
3	1307	175	1303	1345	
3	1308	28	789	1312	
3	1309	175	778	790	
3	1310	28	182	1311	
3	1311	176	1310	1313	
3	1312	1308	1313	1512	
3	1313	191	1311	1312	
3	1314	29	779	792	
3	1315	29	184	1352	
3	1316	177	1337	1352	
3	1317	887	1318	1319	
3	1318	174	780	1317	
3	1319	177	185	1317	
3	1320	178	1277	1321	
3	1321	1300	1320	1325	
3	1322	1304	1323	1327	
3	1323	30	1322	1324	
3	1324	1305	1323	1325	
3	1325	782	1321	1324	
3	1326	179	783	1329	
3	1327	1306	1322	1329	
3	1328	180	1306	1329	
3	1329	1326	1327	1328	
3	1330	180	182	783	
3	1331	182	1293	1332	
3	1332	181	1331	1333	
3	1333	176	785	1332	
3	1334	29	31	1335	
3	1335	779	785	1334	
3	1336	31	184	1283	
3	1337	185	1316	1338	
3	1338	183	184	1337	
3	1339	780	1286	1340	
3	1340	185	786	1339	
3	1341	174	186	1589	
3	1342	186	188	1598	
3	1343	58	189	1344	
3	1344	188	787	1343	
3	1345	190	1307	1346	
3	1346	189	1345	1347	
3	1347	795	1346	1348	
3	1348	1347	1349	1504	
3	1349	190	866	1348	
3	1350	50	192	1351	
3	1351	242	791	1350	
3	1352	1315	1316	1353	
3	1353	32	1352	1354	
3	1354	193	196	1353	
3	1355	33	193	1601	
3	1356	195	794	796	
3	1357	194	195	1518	
3	1358	799	888	1359	
3	1359	869	1358	1360	
3	1360	194	1359	1596	
3	1361	197	1682	1692	
3	1362	197	1363	1693	
3	1363	198	801	1362	
3	1364	109	198	1365	
3	1365	800	930	1364	
3	1366	838	1367	1375	
3	1367	802	1366	1368	
3	1368	199	1367	1377	
3	1369	199	803	1370	
3	1370	1369	1434	1435	
3	1371	804	1372	1373	
3	1372	199	807	1371	
3	1373	200	806	1371	
3	1374	200	217	1440	
3	1375	809	1366	1376	
3	1376	1375	1377	1378	
3	1377	807	1368	1376	
3	1378	1376	1379	1384	
3	1379	202	1378	1451	
3	1380	200	202	807	
3	1381	836	1382	1454	
3	1382	1381	1383	1452	
3	1383	203	808	1382	
3	1384	808	1378	1455	
3	1385	40	204	903	
3	1386	61	206	1387	
3	1387	204	811	1386	
3	1388	205	1023	1623	
3	1389	207	674	1045	
3	1390	207	208	823	
3	1391	208	1016	1392	
3	1392	77	812	1391	
3	1393	703	817	1394	
3	1394	1393	1395	1396	
3	1395	37	1394	1397	
3	1396	209	1394	1399	
3	1397	1395	1398	1570	
3	1398	1397	1399	1571	
3	1399	1396	1398	1402	
3	1400	35	55	1401	
3	1401	881	1400	1402	
3	1402	815	1399	1401	
3	1403	40	210	915	
3	1404	210	1405	1565	
3	1405	916	1404	1406	
3	1406	818	880	1405	
3	1407	211	1408	1409	
3	1408	814	1407	2899	
3	1409	35	1407	1576	
3	1410	812	824	1548	
3	1411	53	207	213	
3	1412	651	820	1413	
3	1413	1412	1414	1415	
3	1414	38	1413	1581	
3	1415	267	653	1413	
3	1416	213	682	1417	
3	1417	683	1416	1418	
3	1418	258	1417	1419	
3	1419	100	879	1418	
3	1420	810	1421	1426	
3	1421	1420	1422	1562	
3	1422	204	1421	1564	
3	1423	676	826	1424	
3	1424	259	1423	1428	
3	1425	1426	1427	1560	
3	1426	1019	1420	1425	
3	1427	260	1425	1428	
3	1428	96	1424	1427	
3	1429	828	1430	1566	
3	1430	44	1429	1431	
3	1431	214	1430	1457	
3	1432	214	1433	1460	
3	1433	229	827	1432	
3	1434	34	215	1370	
3	1435	804	1370	1436	
3	1436	41	220	1435	
3	1437	216	829	1439	
3	1438	201	217	1439	
3	1439	1437	1438	1446	
3	1440	1374	1441	1449	
3	1441	42	217	1440	
3	1442	218	220	1583	
3	1443	218	220	1444	
3	1444	221	805	1443	
3	1445	201	221	1446	
3	1446	43	1439	1445	
3	1447	42	222	1556	
3	1448	222	835	1449	
3	1449	202	1440	1448	
3	1450	223	833	1451	
3	1451	835	1379	1450	
3	1452	1382	1453	1456	
3	1453	1452	1454	1561	
3	1454	44	1381	1453	
3	1455	203	223	1384	
3	1456	45	203	1452	
3	1457	836	1431	1458	
3	1458	224	1457	1459	
3	1459	849	1458	1479	
3	1460	224	231	1432	
3	1461	46	809	1462	
3	1462	837	1461	1463	
3	1463	1462	1469	1481	
3	1464	49	225	1465	
3	1465	34	844	1464	
3	1466	225	838	1468	
3	1467	1468	1478	1483	
3	1468	1466	1467	1470	
3	1469	1463	1470	1484	
3	1470	46	1468	1469	
3	1471	264	842	1472	
3	1472	48	226	1471	
3	1473	227	1474	1486	
3	1474	226	1473	1572	
3	1475	228	230	1477	
3	1476	48	855	1477	
3	1477	843	1475	1476	
3	1478	49	856	1467	
3	1479	848	1459	1491	
3	1480	848	1487	1492	
3	1481	850	1463	1482	
3	1482	1481	1484	1494	
3	1483	1467	1485	1490	
3	1484	1469	1482	1485	
3	1485	1483	1484	1499	
3	1486	853	1473	1501	
3	1487	230	232	1480	
3	1488	233	846	851	
3	1489	233	238	858	
3	1490	856	861	1483	
3	1491	234	1479	1493	
3	1492	237	1480	1493	
3	1493	1491	1492	2905	
3	1494	235	1482	1496	
3	1495	234	850	1496	
3	1496	1494	1495	2909	
3	1497	1499	1503	2911	
3	1498	235	1499	2913	
3	1499	1485	1497	1498	
3	1500	859	1501	2915	
3	1501	860	1486	1500	
3	1502	236	860	2926	
3	1503	861	1497	2931	
3	1504	52	239	1348	
3	1505	240	249	1506	
3	1506	239	1505	1511	
3	1507	870	1508	1515	
3	1508	1507	1509	1510	
3	1509	243	863	1508	
3	1510	240	1508	1511	
3	1511	865	1506	1510	
3	1512	241	864	1312	
3	1513	241	243	1514	
3	1514	867	1513	1516	
3	1515	243	1507	1516	
3	1516	1514	1515	1517	
3	1517	244	1516	1534	
3	1518	869	1357	1519	
3	1519	1518	1520	1521	
3	1520	1519	1529	1538	
3	1521	195	1519	1522	
3	1522	246	253	1521	
3	1523	52	245	875	
3	1524	51	798	1525	
3	1525	1524	1526	1543	
3	1526	255	1525	1527	
3	1527	247	248	1526	
3	1528	248	868	1529	
3	1529	1520	1528	1545	
3	1530	239	249	250	
3	1531	249	872	2933	
3	1532	252	872	2935	
3	1533	251	1534	2628	
3	1534	1517	1533	1537	
3	1535	257	1536	2937	
3	1536	1535	1537	2630	
3	1537	874	1534	1536	
3	1538	253	254	1520	
3	1539	253	1541	2938	
3	1540	250	875	2941	
3	1541	876	1539	2942	
3	1542	255	257	1543	
3	1543	873	1525	1542	
3	1544	1545	1546	2640	
3	1545	254	1529	1544	
3	1546	1544	1547	2945	
3	1547	256	877	1546	
3	1548	56	1410	1550	
3	1549	212	878	1551	
3	1550	1548	1551	1587	
3	1551	1549	1550	1552	
3	1552	216	1551	1554	
3	1553	53	829	1554	
3	1554	878	1552	1553	
3	1555	213	258	1556	
3	1556	53	1447	1555	
3	1557	222	258	879	
3	1558	259	826	833	
3	1559	223	259	260	
3	1560	45	1425	1562	
3	1561	261	1453	1562	
3	1562	1421	1560	1561	
3	1563	40	1564	1566	
3	1564	261	1422	1563	
3	1565	880	1404	1567	
3	1566	262	1429	1563	
3	1567	262	263	1565	
3	1568	54	842	1569	
3	1569	263	880	1568	
3	1570	54	264	1397	
3	1571	881	1398	1572	
3	1572	264	1474	1571	
3	1573	265	839	1574	
3	1574	55	1573	1575	
3	1575	840	881	1574	
3	1576	55	265	1409	
3	1577	215	265	1578	
3	1578	211	1577	1580	
3	1579	41	1580	1583	
3	1580	883	1578	1579	
3	1581	266	1414	1582	
3	1582	268	882	1581	
3	1583	268	1442	1579	
3	1584	219	268	1585	
3	1585	266	1584	1588	
3	1586	56	269	1587	
3	1587	830	1550	1586	
3	1588	269	885	1585	
3	1589	887	1341	1590	
3	1590	1589	1593	1598	
3	1591	57	193	1600	
3	1592	270	887	1593	
3	1593	895	1590	1592	
3	1594	794	1595	1603	
3	1595	194	898	1594	
3	1596	1360	1597	1610	
3	1597	271	888	1596	
3	1598	1342	1590	1599	
3	1599	889	1598	1604	
3	1600	1591	1601	1606	
3	1601	890	1355	1600	
3	1602	58	793	1603	
3	1603	1594	1602	1608	
3	1604	895	1599	2947	
3	1605	892	1607	2949	
3	1606	639	899	1600	
3	1607	1605	1608	2953	
3	1608	897	1603	1607	
3	1609	271	1610	2957	
3	1610	898	1596	1609	
3	1611	271	899	2960	
3	1612	272	1613	1640	
3	1613	59	283	1612	
3	1614	273	908	970	
3	1615	59	273	969	
3	1616	62	274	1617	
3	1617	272	699	1616	
3	1618	13	274	902	
3	1619	904	911	1620	
3	1620	61	275	1619	
3	1621	910	924	1622	
3	1622	60	276	1621	
3	1623	1077	1388	1624	
3	1624	275	1623	1625	
3	1625	277	904	1624	
3	1626	654	907	1632	
3	1627	900	1628	1652	
3	1628	901	1627	1629	
3	1629	906	1628	1630	
3	1630	278	287	1629	
3	1631	62	917	1640	
3	1632	773	1626	1633	
3	1633	921	1632	1655	
3	1634	279	774	1655	
3	1635	63	919	1649	
3	1636	280	1637	1638	
3	1637	908	951	1636	
3	1638	1636	1642	1660	
3	1639	280	282	1662	
3	1640	1612	1631	1670	
3	1641	284	908	1642	
3	1642	64	1638	1641	
3	1643	285	1645	1676	
3	1644	903	912	915	
3	1645	911	1643	1680	
3	1646	26	1647	1648	
3	1647	63	1646	1649	
3	1648	1289	1646	1650	
3	1649	1635	1647	1681	
3	1650	286	294	1648	
3	1651	817	913	1684	
3	1652	287	288	1627	
3	1653	287	289	1704	
3	1654	69	917	1672	
3	1655	290	1633	1634	
3	1656	291	1657	1667	
3	1657	290	920	1656	
3	1658	964	1659	1682	
3	1659	291	919	1658	
3	1660	1638	1661	1662	
3	1661	65	1660	1663	
3	1662	1639	1660	1666	
3	1663	1661	1664	1675	
3	1664	1663	1665	1666	
3	1665	82	1664	1667	
3	1666	1662	1664	1669	
3	1667	1656	1665	1668	
3	1668	290	1667	1669	
3	1669	921	1666	1668	
3	1670	292	1640	1671	
3	1671	1670	1672	1673	
3	1672	1654	1671	1686	
3	1673	3	293	1671	
3	1674	65	293	1675	
3	1675	967	1663	1674	
3	1676	111	925	1643	
3	1677	288	924	1074	
3	1678	914	926	1679	
3	1679	109	929	1678	
3	1680	110	926	1645	
3	1681	294	1649	1682	
3	1682	1361	1658	1681	
3	1683	197	294	295	
3	1684	66	1651	1685	
3	1685	818	930	1684	
3	1686	296	1672	1687	
3	1687	1686	1710	1712	
3	1688	931	947	1695	
3	1689	67	935	1073	
3	1690	297	935	1701	
3	1691	68	297	1707	
3	1692	298	1361	1696	
3	1693	934	1362	1694	
3	1694	298	1693	1737	
3	1695	1688	1696	1713	
3	1696	1692	1695	1714	
3	1697	299	945	948	
3	1698	108	933	1699	
3	1699	1698	1700	1738	
3	1700	935	938	1699	
3	1701	299	938	1690	
3	1702	288	936	1703	
3	1703	70	1702	1704	
3	1704	1653	1703	1705	
3	1705	302	1704	1708	
3	1706	69	289	302	
3	1707	310	1691	1709	
3	1708	73	1705	1709	
3	1709	937	1707	1708	
3	1710	946	1687	1718	
3	1711	69	1712	1721	
3	1712	1687	1711	1723	
3	1713	1695	1714	1746	
3	1714	1696	1713	1748	
3	1715	299	301	1716	
3	1716	308	1715	1740	
3	1717	71	1744	1745	
3	1718	303	1710	1719	
3	1719	309	1718	1722	
3	1720	72	948	1752	
3	1721	1711	1756	1757	
3	1722	943	1719	1723	
3	1723	1712	1722	1758	
3	1724	304	307	1727	
3	1725	1726	1727	1747	
3	1726	1725	1729	2966	
3	1727	1724	1725	2969	
3	1728	308	644	941	
3	1729	940	1726	2971	
3	1730	939	1731	1738	
3	1731	1730	1741	2973	
3	1732	1733	1754	2977	
3	1733	1732	1734	2980	
3	1734	306	1733	1756	
3	1735	72	1752	2984	
3	1736	943	1758	2996	
3	1737	304	944	1694	
3	1738	1699	1730	1742	
3	1739	1740	1741	2976	
3	1740	308	1716	1739	
3	1741	1731	1739	1742	
3	1742	938	1738	1741	
3	1743	940	1744	1745	
3	1744	301	1717	1743	
3	1745	1717	1743	1746	
3	1746	1713	1745	1747	
3	1747	1725	1746	1748	
3	1748	307	1714	1747	
3	1749	309	1750	2990	
3	1750	303	1749	1751	
3	1751	945	1750	2993	
3	1752	310	1720	1735	
3	1753	73	305	311	
3	1754	312	1732	1755	
3	1755	302	1754	1756	
3	1756	1721	1734	1755	
3	1757	306	1721	1758	
3	1758	1723	1736	1757	
3	1759	314	1760	1761	
3	1760	367	1759	2517	
3	1761	1759	2092	2516	
3	1762	1763	2053	2717	
3	1763	368	1762	2375	
3	1764	315	385	1765	
3	1765	378	1764	2088	
3	1766	316	2059	2153	
3	1767	316	2057	2155	
3	1768	372	1769	2764	
3	1769	1768	1770	2752	
3	1770	1769	2753	2792	
3	1771	374	1772	2061	
3	1772	1771	2073	2697	
3	1773	1774	1775	2084	
3	1774	382	1773	2130	
3	1775	1773	2086	2110	
3	1776	370	385	2082	
3	1777	317	1778	2090	
3	1778	1777	1779	1780	
3	1779	1778	1829	2091	
3	1780	1778	1833	2051	
3	1781	318	1782	2101	
3	1782	1781	1783	2096	
3	1783	390	1782	2104	
3	1784	388	1786	2112	
3	1785	388	399	1786	
3	1786	1784	1785	2498	
3	1787	319	391	2521	
3	1788	320	1789	2124	
3	1789	394	1788	2159	
3	1790	320	2147	2160	
3	1791	322	382	2131	
3	1792	322	2083	2127	
3	1793	396	510	1794	
3	1794	1793	2138	2648	
3	1795	1796	2139	2141	
3	1796	1795	2137	2152	
3	1797	1798	2119	2145	
3	1798	1797	1799	1800	
3	1799	401	407	1798	
3	1800	1798	2120	2170	
3	1801	323	2058	2157	
3	1802	323	408	2060	
3	1803	1804	2154	2161	
3	1804	394	1803	1805	
3	1805	1804	2127	2155	
3	1806	405	592	2757	
3	1807	324	407	2169	
3	1808	409	1809	2168	
3	1809	324	1808	2709	
3	1810	2171	2174	2704	
3	1811	374	408	2705	
3	1812	325	1813	2176	
3	1813	1812	1814	2177	
3	1814	1813	2190	2203	
3	1815	1816	2186	2191	
3	1816	504	1815	1817	
3	1817	326	1816	1818	
3	1818	1817	2216	2503	
3	1819	1820	2194	2198	
3	1820	1819	1821	2191	
3	1821	1820	2193	2199	
3	1822	1823	2200	2822	
3	1823	1822	1824	2204	
3	1824	605	1823	2223	
3	1825	1826	1827	2213	
3	1826	417	1825	2231	
3	1827	1825	1828	2215	
3	1828	1827	1838	2193	
3	1829	1779	1830	1831	
3	1830	424	1829	2220	
3	1831	1829	1832	1833	
3	1832	419	1831	2217	
3	1833	1780	1831	2211	
3	1834	422	423	1835	
3	1835	1834	1836	2226	
3	1836	606	1835	2227	
3	1837	1838	2231	2240	
3	1838	1828	1837	2233	
3	1839	1840	2232	2233	
3	1840	1839	2241	2358	
3	1841	327	2228	2242	
3	1842	1843	2243	2250	
3	1843	425	1842	2244	
3	1844	426	2245	2320	
3	1845	432	607	1846	
3	1846	427	1845	2274	
3	1847	429	2253	2825	
3	1848	428	2257	2259	
3	1849	431	2256	2827	
3	1850	2280	2282	2830	
3	1851	436	2282	2283	
3	1852	436	1876	2293	
3	1853	608	2289	2290	
3	1854	2290	2291	2351	
3	1855	447	2295	2834	
3	1856	445	1857	2297	
3	1857	443	1856	2836	
3	1858	441	1859	2299	
3	1859	1858	2341	2366	
3	1860	609	2303	2304	
3	1861	442	2303	2838	
3	1862	448	2303	2304	
3	1863	449	456	2840	
3	1864	2312	2317	2842	
3	1865	453	2247	2323	
3	1866	1867	1868	2848	
3	1867	1866	2324	2326	
3	1868	454	1866	2845	
3	1869	2269	2330	2374	
3	1870	1871	1872	2337	
3	1871	460	611	1870	
3	1872	612	1870	2275	
3	1873	1874	2346	2347	
3	1874	1873	1881	2305	
3	1875	438	2349	2351	
3	1876	1852	1877	2357	
3	1877	1876	2362	2365	
3	1878	461	466	2355	
3	1879	466	2363	2364	
3	1880	1881	2343	2367	
3	1881	1874	1880	2345	
3	1882	332	368	2376	
3	1883	332	2051	2399	
3	1884	585	1885	1886	
3	1885	1884	2381	2384	
3	1886	1884	2377	2721	
3	1887	334	1888	1889	
3	1888	1887	2398	2402	
3	1889	420	1887	1890	
3	1890	1889	2216	2389	
3	1891	335	2415	2437	
3	1892	475	2423	2447	
3	1893	476	1894	2429	
3	1894	336	1893	2385	
3	1895	468	2433	2436	
3	1896	472	1897	2441	
3	1897	1896	2404	2442	
3	1898	481	483	2409	
3	1899	485	1972	2413	
3	1900	487	1901	2457	
3	1901	1900	2420	2459	
3	1902	337	1903	1904	
3	1903	1902	2423	2460	
3	1904	1902	1995	2424	
3	1905	492	1906	2678	
3	1906	491	1905	1907	
3	1907	483	1906	2679	
3	1908	353	491	1975	
3	1909	493	2464	2467	
3	1910	591	1911	2470	
3	1911	338	360	1910	
3	1912	339	1913	1914	
3	1913	496	1912	2475	
3	1914	495	1912	2560	
3	1915	2475	2477	2535	
3	1916	2478	2482	2487	
3	1917	2484	2493	2555	
3	1918	1919	2115	2519	
3	1919	500	1918	2494	
3	1920	503	507	1921	
3	1921	1920	1922	2499	
3	1922	1921	2045	2643	
3	1923	340	1924	1925	
3	1924	1923	2501	2664	
3	1925	504	1923	2185	
3	1926	340	2188	2511	
3	1927	341	1986	2505	
3	1928	341	2503	2738	
3	1929	342	506	2850	
3	1930	342	613	2516	
3	1931	507	508	2497	
3	1932	344	1933	1985	
3	1933	510	1932	2136	
3	1934	344	2135	2522	
3	1935	1936	2494	2520	
3	1936	345	1935	2008	
3	1937	346	564	2526	
3	1938	346	1954	2660	
3	1939	515	1940	1989	
3	1940	1939	2530	2669	
3	1941	518	558	1942	
3	1942	1941	2532	2646	
3	1943	521	1944	2533	
3	1944	1943	1945	1991	
3	1945	517	1944	2672	
3	1946	348	2547	2655	
3	1947	1948	2554	2559	
3	1948	1947	2491	2549	
3	1949	495	526	1950	
3	1950	1949	2484	2556	
3	1951	1955	2569	2666	
3	1952	529	1953	2571	
3	1953	349	1952	1954	
3	1954	1938	1953	2565	
3	1955	1951	2561	2574	
3	1956	526	531	1957	
3	1957	1956	2558	2580	
3	1958	533	1966	2568	
3	1959	350	532	2572	
3	1960	533	1961	2573	
3	1961	1960	1970	2579	
3	1962	530	2587	2589	
3	1963	535	2580	2594	
3	1964	527	536	1965	
3	1965	1964	1966	2916	
3	1966	1958	1965	2585	
3	1967	1968	2595	2924	
3	1968	536	1967	2584	
3	1969	539	1970	2930	
3	1970	1961	1969	2593	
3	1971	1972	1973	2602	
3	1972	1899	1971	2454	
3	1973	1971	1974	2603	
3	1974	1973	2414	2608	
3	1975	545	546	1908	
3	1976	547	1977	2622	
3	1977	1976	2466	2614	
3	1978	543	1979	2632	
3	1979	352	1978	2637	
3	1980	546	1981	2635	
3	1981	1980	2617	2636	
3	1982	508	558	1983	
3	1983	1982	1984	2646	
3	1984	502	1983	2648	
3	1985	560	1932	2651	
3	1986	564	1927	1987	
3	1987	1986	2508	2660	
3	1988	340	2665	2667	
3	1989	506	1939	1990	
3	1990	1989	2513	2669	
3	1991	1944	1992	2670	
3	1992	367	1991	1993	
3	1993	1992	1994	2672	
3	1994	1993	2045	2643	
3	1995	1904	2673	2677	
3	1996	568	1998	2683	
3	1997	569	2000	2685	
3	1998	638	1996	1999	
3	1999	571	1998	2675	
3	2000	1997	2689	2691	
3	2001	2680	2693	2694	
3	2002	356	2695	2696	
3	2003	2004	2174	2704	
3	2004	2003	2005	2718	
3	2005	357	2004	2719	
3	2006	2007	2495	2707	
3	2007	2006	2008	2733	
3	2008	1936	2007	2017	
3	2009	580	2708	2711	
3	2010	2055	2703	2715	
3	2011	2382	2723	2734	
3	2012	2021	2708	2733	
3	2013	582	2023	2386	
3	2014	2024	2389	2738	
3	2015	358	2016	2504	
3	2016	2015	2026	2737	
3	2017	358	2008	2506	
3	2018	578	2722	2750	
3	2019	359	579	588	
3	2020	2710	2754	2755	
3	2021	2012	2757	2758	
3	2022	591	2023	2024	
3	2023	590	2013	2022	
3	2024	360	2014	2022	
3	2025	592	2026	2763	
3	2026	2016	2025	2756	
3	2027	361	2164	2766	
3	2028	2473	2773	2779	
3	2029	595	2067	2765	
3	2030	361	364	2788	
3	2031	364	2167	2784	
3	2032	2033	2794	2805	
3	2033	2032	2806	2964	
3	2034	599	2035	2038	
3	2035	2034	2810	2972	
3	2036	2800	2801	2817	
3	2037	2040	2813	2991	
3	2038	2034	2039	2042	
3	2039	2038	2778	2810	
3	2040	601	2037	2043	
3	2041	598	2817	2818	
3	2042	2038	2043	2790	
3	2043	2040	2042	2776	
3	2044	366	2045	2048	
3	2045	1922	1994	2044	
3	2046	366	2047	2048	
3	2047	314	2046	2093	
3	2048	2044	2046	2049	
3	2049	2048	2096	2499	
3	2050	317	368	2051	
3	2051	1780	1883	2050	
3	2052	369	2053	2054	
3	2053	1762	2052	2098	
3	2054	2052	2055	2714	
3	2055	2010	2054	2081	
3	2056	315	316	370	
3	2057	370	1767	2083	
3	2058	1801	2059	2060	
3	2059	1766	2058	2062	
3	2060	1802	2058	2061	
3	2061	371	1771	2060	
3	2062	315	2059	2063	
3	2063	371	2062	2074	
3	2064	372	2065	2068	
3	2065	2064	2066	2067	
3	2066	373	586	2065	
3	2067	2029	2065	2747	
3	2068	588	2064	2069	
3	2069	359	373	2068	
3	2070	376	380	2071	
3	2071	375	2070	2703	
3	2072	371	376	2073	
3	2073	375	1772	2072	
3	2074	376	2063	2076	
3	2075	377	378	2078	
3	2076	378	380	2074	
3	2077	379	2078	2079	
3	2078	387	2075	2077	
3	2079	2077	2080	2081	
3	2080	369	2079	2108	
3	2081	379	2055	2079	
3	2082	381	383	1776	
3	2083	381	1792	2057	
3	2084	383	1773	2085	
3	2085	2084	2086	2087	
3	2086	389	1775	2085	
3	2087	386	2085	2104	
3	2088	384	1765	2106	
3	2089	383	384	386	
3	2090	314	1777	2091	
3	2091	1779	2090	2092	
3	2092	1761	2091	2221	
3	2093	2047	2094	2097	
3	2094	2093	2095	2096	
3	2095	318	2094	2099	
3	2096	1782	2049	2094	
3	2097	2093	2098	2099	
3	2098	317	2053	2097	
3	2099	2095	2097	2100	
3	2100	369	2099	2108	
3	2101	1781	2102	2105	
3	2102	2101	2103	2104	
3	2103	386	2102	2106	
3	2104	1783	2087	2102	
3	2105	377	387	2101	
3	2106	377	2088	2103	
3	2107	318	387	2108	
3	2108	2080	2100	2107	
3	2109	388	389	2110	
3	2110	1775	2109	2140	
3	2111	389	390	2112	
3	2112	1784	2111	2113	
3	2113	503	2112	2114	
3	2114	390	2113	2499	
3	2115	392	1918	2116	
3	2116	391	2115	2524	
3	2117	392	2118	2119	
3	2118	391	2117	2121	
3	2119	393	1797	2117	
3	2120	392	1800	2496	
3	2121	393	2118	2122	
3	2122	319	2121	2152	
3	2123	394	2124	2125	
3	2124	1788	2123	2128	
3	2125	2123	2126	2127	
3	2126	322	395	2125	
3	2127	1792	1805	2125	
3	2128	395	2124	2129	
3	2129	321	402	2128	
3	2130	1774	2131	2132	
3	2131	1791	2130	2133	
3	2132	398	2130	2134	
3	2133	395	2131	2134	
3	2134	2132	2133	2150	
3	2135	319	1934	2136	
3	2136	1933	2135	2137	
3	2137	396	1796	2136	
3	2138	1794	2143	2498	
3	2139	398	1795	2149	
3	2140	397	399	2110	
3	2141	397	1795	2142	
3	2142	396	2141	2143	
3	2143	399	2138	2142	
3	2144	400	2145	2146	
3	2145	1797	2144	2148	
3	2146	321	2144	2147	
3	2147	400	1790	2146	
3	2148	402	2145	2151	
3	2149	403	2139	2150	
3	2150	402	2134	2149	
3	2151	393	403	2148	
3	2152	403	1796	2122	
3	2153	1766	2154	2157	
3	2154	1803	2153	2155	
3	2155	1767	1805	2154	
3	2156	2157	2158	2162	
3	2157	1801	2153	2156	
3	2158	2156	2163	2173	
3	2159	1789	2160	2161	
3	2160	406	1790	2159	
3	2161	1803	2159	2162	
3	2162	2156	2161	2163	
3	2163	2158	2162	2168	
3	2164	2027	2165	2166	
3	2165	404	2164	2758	
3	2166	2164	2167	2754	
3	2167	2031	2166	2755	
3	2168	406	1808	2163	
3	2169	401	406	1807	
3	2170	407	1800	2713	
3	2171	408	1810	2172	
3	2172	323	2171	2173	
3	2173	409	2158	2172	
3	2174	1810	2003	2175	
3	2175	357	409	2174	
3	2176	411	1812	2177	
3	2177	1813	2176	2178	
3	2178	614	2177	2188	
3	2179	412	421	2180	
3	2180	410	2179	2181	
3	2181	2180	2221	2853	
3	2182	410	412	2183	
3	2183	325	2182	2204	
3	2184	412	2204	2219	
3	2185	1925	2186	2187	
3	2186	1815	2185	2189	
3	2187	413	2185	2188	
3	2188	1926	2178	2187	
3	2189	413	2186	2194	
3	2190	413	414	1814	
3	2191	1815	1820	2192	
3	2192	326	2191	2193	
3	2193	1821	1828	2192	
3	2194	1819	2189	2195	
3	2195	414	2194	2196	
3	2196	415	2195	2234	
3	2197	414	2201	2238	
3	2198	415	1819	2199	
3	2199	1821	2198	2233	
3	2200	416	1822	2202	
3	2201	416	2197	2203	
3	2202	325	2200	2203	
3	2203	1814	2201	2202	
3	2204	1823	2183	2184	
3	2205	417	2206	2209	
3	2206	419	2205	2207	
3	2207	2206	2217	2230	
3	2208	418	2209	2210	
3	2209	2205	2208	2213	
3	2210	420	471	2208	
3	2211	418	1833	2399	
3	2212	420	2213	2214	
3	2213	1825	2209	2212	
3	2214	2212	2215	2216	
3	2215	326	1827	2214	
3	2216	1818	1890	2214	
3	2217	1832	2207	2226	
3	2218	2219	2220	2224	
3	2219	2184	2218	2225	
3	2220	421	1830	2218	
3	2221	421	2092	2181	
3	2222	422	2223	2225	
3	2223	1824	2222	2857	
3	2224	424	2218	2225	
3	2225	2219	2222	2224	
3	2226	423	1835	2217	
3	2227	327	1836	2230	
3	2228	1841	2229	2231	
3	2229	417	2228	2230	
3	2230	2207	2227	2229	
3	2231	1826	1837	2228	
3	2232	415	1839	2235	
3	2233	1838	1839	2199	
3	2234	2196	2235	2236	
3	2235	2232	2234	2359	
3	2236	2234	2237	2238	
3	2237	2236	2239	2328	
3	2238	2197	2236	2331	
3	2239	2237	2329	2360	
3	2240	1837	2241	2242	
3	2241	1840	2240	2243	
3	2242	425	1841	2240	
3	2243	1842	2241	2249	
3	2244	1843	2251	2363	
3	2245	467	1844	2360	
3	2246	426	465	2247	
3	2247	1865	2246	2248	
3	2248	2247	2249	2358	
3	2249	2243	2248	2309	
3	2250	450	1842	2308	
3	2251	449	462	2244	
3	2252	430	2253	2254	
3	2253	1847	2252	2260	
3	2254	2252	2255	2256	
3	2255	431	2254	2261	
3	2256	1849	2254	2859	
3	2257	429	1848	2861	
3	2258	429	2259	2353	
3	2259	328	1848	2258	
3	2260	463	2253	2350	
3	2261	2255	2262	2269	
3	2262	430	2261	2374	
3	2263	431	2265	2267	
3	2264	2265	2266	2270	
3	2265	2263	2264	2865	
3	2266	432	2264	2271	
3	2267	2263	2268	2270	
3	2268	458	2267	2269	
3	2269	1869	2261	2268	
3	2270	2264	2267	2272	
3	2271	433	2266	2272	
3	2272	2270	2271	2273	
3	2273	2272	2275	2333	
3	2274	433	1846	2276	
3	2275	433	1872	2273	
3	2276	329	2274	2337	
3	2277	437	2279	2292	
3	2278	2279	2283	2293	
3	2279	2277	2278	2866	
3	2280	1850	2281	2286	
3	2281	434	2280	2868	
3	2282	1850	1851	2869	
3	2283	1851	2278	2872	
3	2284	436	2286	2357	
3	2285	2286	2287	2347	
3	2286	2280	2284	2285	
3	2287	434	2285	2288	
3	2288	438	2287	2346	
3	2289	435	1853	2291	
3	2290	437	1853	1854	
3	2291	438	1854	2289	
3	2292	439	2277	2352	
3	2293	1852	2278	2294	
3	2294	439	2293	2362	
3	2295	1855	2296	2306	
3	2296	440	2295	2874	
3	2297	442	1856	2877	
3	2298	443	2299	2879	
3	2299	1858	2298	2881	
3	2300	444	446	2342	
3	2301	331	445	446	
3	2302	330	2305	2345	
3	2303	1860	1861	1862	
3	2304	447	1860	1862	
3	2305	448	1874	2302	
3	2306	464	2295	2307	
3	2307	440	2306	2366	
3	2308	449	2250	2310	
3	2309	450	451	2249	
3	2310	450	2308	2887	
3	2311	452	2312	2343	
3	2312	1864	2311	2313	
3	2313	2312	2320	2344	
3	2314	452	2315	2317	
3	2315	446	2314	2316	
3	2316	454	625	2315	
3	2317	1864	2314	2889	
3	2318	453	2319	2321	
3	2319	627	2318	2320	
3	2320	1844	2313	2319	
3	2321	628	2318	2322	
3	2322	1211	2321	2323	
3	2323	451	1865	2322	
3	2324	455	1867	2340	
3	2325	455	456	462	
3	2326	1867	2327	2893	
3	2327	456	2326	2894	
3	2328	457	2237	2329	
3	2329	2239	2328	2370	
3	2330	457	1869	2331	
3	2331	2238	2330	2332	
2	2332	459	2331	0	
3	2333	458	2273	2896	
3	2334	327	2335	2336	
3	2335	460	2334	2897	
3	2336	461	2334	2361	
3	2337	1870	2276	2338	
3	2338	461	2337	2356	
3	2339	455	462	2364	
3	2340	2324	2341	2342	
3	2341	444	1859	2340	
3	2342	454	2300	2340	
3	2343	1880	2311	2344	
3	2344	467	2313	2343	
3	2345	331	1881	2302	
3	2346	1873	2288	2368	
3	2347	1873	2285	2348	
3	2348	448	464	2347	
3	2349	1875	2350	2373	
3	2350	430	2260	2349	
3	2351	1854	1875	2352	
3	2352	463	2292	2351	
3	2353	463	2258	2354	
3	2354	439	2353	2355	
3	2355	1878	2354	2356	
3	2356	328	2338	2355	
3	2357	464	1876	2284	
3	2358	465	1840	2248	
3	2359	465	2235	2360	
3	2360	2239	2245	2359	
3	2361	425	2336	2363	
3	2362	466	1877	2294	
3	2363	1879	2244	2361	
3	2364	1879	2339	2365	
3	2365	1877	2364	2366	
3	2366	1859	2307	2365	
3	2367	1880	2368	2369	
3	2368	2346	2367	2373	
3	2369	2367	2370	2371	
3	2370	467	2329	2369	
3	2371	457	2369	2372	
3	2372	2371	2373	2374	
3	2373	2349	2368	2372	
3	2374	1869	2262	2372	
3	2375	1763	2376	2377	
3	2376	1882	2375	2378	
3	2377	1886	2375	2384	
3	2378	2376	2379	2385	
3	2379	468	2378	2432	
3	2380	333	468	2401	
3	2381	469	476	1885	
3	2382	469	2011	2383	
3	2383	2382	2396	2426	
3	2384	1885	2377	2385	
3	2385	1894	2378	2384	
3	2386	2013	2387	2390	
3	2387	2386	2388	2389	
3	2388	334	2387	2392	
3	2389	1890	2014	2387	
3	2390	2386	2391	2392	
3	2391	470	2390	2444	
3	2392	2388	2390	2393	
3	2393	2392	2404	2445	
3	2394	470	582	2395	
3	2395	2394	2396	2734	
3	2396	2383	2395	2449	
3	2397	333	471	2398	
3	2398	1888	2397	2400	
3	2399	471	1883	2211	
3	2400	472	2398	2401	
3	2401	2380	2400	2438	
3	2402	472	1888	2403	
3	2403	334	2402	2404	
3	2404	1897	2393	2403	
3	2405	473	2406	2427	
3	2406	481	2405	2407	
3	2407	2406	2408	2428	
3	2408	2407	2409	2431	
3	2409	1898	2408	2412	
3	2410	474	485	2411	
3	2411	335	2410	2434	
3	2412	474	2409	2452	
3	2413	335	1899	2414	
3	2414	1974	2413	2419	
3	2415	1891	2418	2440	
3	2416	479	2417	2440	
3	2417	487	2416	2418	
3	2418	2415	2417	2419	
3	2419	2414	2418	2456	
3	2420	1901	2422	2443	
3	2421	475	2422	2446	
3	2422	2420	2421	2460	
3	2423	1892	1903	2424	
3	2424	1904	2423	2425	
3	2425	473	2424	2448	
3	2426	476	477	2383	
3	2427	477	2405	2429	
3	2428	2407	2429	2430	
3	2429	1893	2427	2428	
3	2430	336	2428	2431	
3	2431	2408	2430	2435	
3	2432	336	478	2379	
3	2433	478	1895	2434	
3	2434	2411	2433	2437	
3	2435	474	478	2431	
3	2436	1895	2437	2438	
3	2437	1891	2434	2436	
3	2438	2401	2436	2439	
3	2439	2438	2440	2441	
3	2440	2415	2416	2439	
3	2441	479	1896	2439	
3	2442	479	1897	2443	
3	2443	2420	2442	2446	
3	2444	475	2391	2445	
3	2445	2393	2444	2446	
3	2446	2421	2443	2445	
3	2447	470	1892	2448	
3	2448	2425	2447	2449	
3	2449	477	2396	2448	
3	2450	480	482	2683	
3	2451	473	480	2673	
3	2452	484	2412	2453	
3	2453	491	2452	2455	
3	2454	484	1972	2455	
3	2455	2453	2454	2596	
3	2456	486	2419	2608	
3	2457	541	1900	2458	
3	2458	351	488	2457	
3	2459	488	1901	2461	
3	2460	1903	2422	2462	
3	2461	489	493	2459	
3	2462	337	489	2460	
3	2463	490	492	2614	
3	2464	547	1909	2465	
3	2465	488	2464	2618	
3	2466	490	1977	2468	
3	2467	570	1909	2468	
3	2468	2466	2467	2681	
3	2469	494	2470	2770	
3	2470	1910	2469	2473	
3	2471	494	2762	2771	
3	2472	338	405	2473	
3	2473	2028	2470	2472	
3	2474	495	496	2482	
3	2475	1913	1915	2529	
3	2476	497	2477	2479	
3	2477	1915	2476	2478	
3	2478	496	1916	2477	
3	2479	2476	2480	2481	
3	2480	497	519	2479	
3	2481	517	521	2479	
3	2482	1916	2474	2483	
3	2483	498	2482	2484	
3	2484	1917	1950	2483	
3	2485	499	2486	2541	
3	2486	498	2485	2548	
3	2487	499	1916	2488	
3	2488	497	2487	2540	
3	2489	2490	2491	2543	
3	2490	2489	2492	2554	
3	2491	1948	2489	2545	
3	2492	2490	2493	2547	
3	2493	498	1917	2492	
3	2494	1919	1935	2495	
3	2495	501	2006	2494	
3	2496	500	2120	2713	
3	2497	502	503	1931	
3	2498	502	1786	2138	
3	2499	1921	2049	2114	
3	2500	504	2501	2502	
3	2501	565	1924	2500	
3	2502	505	2500	2503	
3	2503	1818	1928	2502	
3	2504	2015	2505	2506	
3	2505	1927	2504	2659	
3	2506	2017	2504	2507	
3	2507	345	563	2506	
3	2508	341	505	1987	
3	2509	2510	2512	2850	
3	2510	2509	2511	2667	
3	2511	1926	2510	2898	
3	2512	506	2509	2668	
3	2513	343	1990	2518	
3	2514	507	508	557	
3	2515	343	509	2516	
3	2516	1761	1930	2515	
3	2517	509	1760	2670	
3	2518	509	2513	2671	
3	2519	511	1918	2520	
3	2520	1935	2519	2657	
3	2521	1787	2522	2523	
3	2522	1934	2521	2653	
3	2523	2521	2524	2655	
3	2524	511	2116	2523	
3	2525	513	563	2658	
3	2526	514	1937	2527	
3	2527	346	529	2526	
3	2528	339	515	2529	
3	2529	2475	2528	2530	
3	2530	520	1940	2529	
3	2531	516	517	519	
3	2532	518	1942	2540	
3	2533	1943	2534	2670	
3	2534	520	2533	2671	
3	2535	520	521	1915	
3	2536	522	2538	2541	
3	2537	522	2539	2650	
3	2538	499	2536	2539	
3	2539	2537	2538	2540	
3	2540	2488	2532	2539	
3	2541	347	2485	2536	
3	2542	2543	2545	2656	
3	2543	348	2489	2542	
3	2544	513	562	2545	
3	2545	2491	2542	2544	
3	2546	347	2548	2654	
3	2547	1946	2492	2548	
3	2548	2486	2546	2547	
3	2549	512	1948	2550	
3	2550	2549	2551	2559	
3	2551	523	2550	2575	
3	2552	514	528	2553	
3	2553	523	2552	2582	
3	2554	1947	2490	2555	
3	2555	1917	2554	2556	
3	2556	1950	2555	2558	
3	2557	524	2558	2577	
3	2558	1957	2556	2557	
3	2559	524	1947	2550	
3	2560	525	1914	2561	
3	2561	339	1955	2560	
3	2562	525	2573	2579	
3	2563	2564	2566	2662	
3	2564	349	2563	2565	
3	2565	566	1954	2564	
3	2566	350	527	2563	
3	2567	527	2568	2663	
3	2568	1958	2567	2569	
3	2569	1951	2568	2574	
3	2570	528	532	2571	
3	2571	1952	2570	2572	
3	2572	349	1959	2571	
3	2573	1960	2562	2574	
3	2574	1955	2569	2573	
3	2575	2551	2578	2586	
3	2576	523	530	2582	
3	2577	2557	2580	2590	
3	2578	524	2575	2592	
3	2579	531	1961	2562	
3	2580	1957	1963	2577	
3	2581	532	2582	2583	
3	2582	2553	2576	2581	
3	2583	537	2581	2584	
3	2584	350	1968	2583	
3	2585	533	539	1966	
3	2586	530	534	2575	
3	2587	1962	2588	2900	
3	2588	534	2587	2908	
3	2589	538	1962	2903	
3	2590	2577	2591	2592	
3	2591	2590	2594	2906	
3	2592	534	2578	2590	
3	2593	535	630	1970	
3	2594	1963	2591	2912	
3	2595	537	1967	2919	
3	2596	2455	2597	2598	
3	2597	353	2596	2601	
3	2598	2596	2599	2602	
3	2599	2598	2600	2601	
3	2600	540	2599	2624	
3	2601	550	2597	2599	
3	2602	540	1971	2598	
3	2603	542	1973	2604	
3	2604	540	2603	2605	
3	2605	2604	2612	2627	
3	2606	541	2607	2609	
3	2607	542	2606	2608	
3	2608	1974	2456	2607	
3	2609	2606	2610	2613	
3	2610	2609	2611	2612	
3	2611	543	2610	2629	
3	2612	542	2605	2610	
3	2613	351	543	2609	
3	2614	544	1977	2463	
3	2615	544	2616	2634	
3	2616	553	2615	2623	
3	2617	353	546	1981	
3	2618	352	2465	2621	
3	2619	547	548	2620	
3	2620	555	2619	2621	
3	2621	2618	2620	2637	
3	2622	548	1976	2623	
3	2623	2616	2622	2641	
3	2624	2600	2625	2626	
3	2625	549	2624	2932	
3	2626	636	2624	2627	
3	2627	551	2605	2626	
3	2628	551	1533	2629	
3	2629	2611	2628	2630	
3	2630	1536	2629	2631	
3	2631	2630	2632	2937	
3	2632	556	1978	2631	
3	2633	552	2634	2938	
3	2634	2615	2633	2635	
3	2635	1980	2634	2942	
3	2636	550	1981	2940	
3	2637	554	1979	2621	
3	2638	554	556	2639	
3	2639	2638	2640	2945	
3	2640	1544	2639	2641	
3	2641	553	2623	2640	
3	2642	557	2643	2645	
3	2643	1922	1994	2642	
3	2644	516	557	558	
3	2645	516	2642	2672	
3	2646	1942	1983	2650	
3	2647	559	2648	2650	
3	2648	1794	1984	2647	
3	2649	522	559	2651	
3	2650	2537	2646	2647	
3	2651	1985	2649	2652	
3	2652	347	354	2651	
3	2653	354	2522	2654	
3	2654	2546	2653	2655	
3	2655	1946	2523	2654	
3	2656	561	562	2542	
3	2657	562	2520	2658	
3	2658	345	2525	2657	
3	2659	563	564	2505	
3	2660	566	1938	1987	
3	2661	505	565	566	
3	2662	565	2563	2664	
3	2663	2567	2664	2665	
3	2664	1924	2662	2663	
3	2665	1988	2663	2666	
3	2666	567	1951	2665	
3	2667	567	1988	2510	
3	2668	515	567	2512	
3	2669	1940	1990	2671	
3	2670	1991	2517	2533	
3	2671	2518	2534	2669	
3	2672	1945	1993	2645	
3	2673	1995	2451	2674	
3	2674	2673	2677	2684	
3	2675	568	1999	2679	
3	2676	356	489	2685	
3	2677	569	1995	2674	
3	2678	1905	2680	2686	
3	2679	1907	2675	2686	
3	2680	355	2001	2678	
3	2681	355	2468	2687	
3	2682	356	493	570	
3	2683	1996	2450	2684	
3	2684	2674	2683	2689	
3	2685	1997	2676	2690	
3	2686	2678	2679	2692	
3	2687	570	2681	2688	
3	2688	2687	2694	2695	
3	2689	637	2000	2684	
3	2690	2685	2691	2696	
3	2691	640	2000	2690	
3	2692	571	2686	2693	
3	2693	642	2001	2692	
3	2694	643	2001	2688	
3	2695	2002	2688	2956	
3	2696	2002	2690	2959	
3	2697	1772	2698	2700	
3	2698	2697	2699	2728	
3	2699	572	2698	2730	
3	2700	375	573	2697	
3	2701	573	2702	2703	
3	2702	2701	2716	2732	
3	2703	2010	2071	2701	
3	2704	574	1810	2003	
3	2705	572	1811	2706	
3	2706	574	2705	2720	
3	2707	575	2006	2708	
3	2708	2009	2012	2707	
3	2709	357	1809	2710	
3	2710	580	2020	2709	
3	2711	324	2009	2712	
3	2712	575	2711	2713	
3	2713	2170	2496	2712	
3	2714	576	2054	2715	
3	2715	2010	2714	2716	
3	2716	2702	2715	2726	
3	2717	576	1762	2721	
3	2718	2004	2719	2739	
3	2719	584	2005	2718	
3	2720	2706	2731	2742	
3	2721	1886	2717	2722	
3	2722	2018	2721	2744	
3	2723	577	2011	2724	
3	2724	2723	2736	2746	
3	2725	578	2726	2749	
3	2726	2716	2725	2727	
3	2727	2726	2732	2748	
3	2728	2698	2729	2730	
3	2729	579	2728	2751	
3	2730	2699	2728	2731	
3	2731	587	2720	2730	
3	2732	359	2702	2727	
3	2733	581	2007	2012	
3	2734	583	2011	2395	
3	2735	582	583	590	
3	2736	583	2724	2761	
3	2737	2016	2738	2763	
3	2738	1928	2014	2737	
3	2739	2718	2741	2782	
3	2740	2741	2742	2786	
3	2741	574	2739	2740	
3	2742	2720	2740	2743	
3	2743	363	2742	2753	
3	2744	585	2722	2745	
3	2745	586	2744	2750	
3	2746	586	2724	2747	
3	2747	2067	2746	2762	
3	2748	373	2727	2749	
3	2749	2725	2748	2750	
3	2750	2018	2745	2749	
3	2751	587	2729	2752	
3	2752	588	1769	2751	
3	2753	587	1770	2743	
3	2754	589	2020	2166	
3	2755	584	2020	2167	
3	2756	581	2026	2757	
3	2757	1806	2021	2756	
3	2758	589	2021	2165	
3	2759	590	2760	2761	
3	2760	494	591	2759	
3	2761	2736	2759	2762	
3	2762	2471	2747	2761	
3	2763	360	2025	2737	
3	2764	365	593	1768	
3	2765	372	593	2029	
3	2766	404	596	2027	
3	2767	313	2768	2769	
3	2768	362	596	2767	
3	2769	361	2767	2787	
3	2770	594	2469	2771	
3	2771	2471	2770	2772	
3	2772	595	2771	2804	
3	2773	594	2028	2774	
3	2774	2773	2780	2806	
3	2775	595	2778	2809	
3	2776	313	2043	2777	
3	2777	362	2776	2796	
3	2778	593	2039	2775	
3	2779	596	2028	2780	
3	2780	2774	2779	2781	
3	2781	597	2780	2807	
3	2782	2739	2783	2784	
3	2783	364	2782	2785	
3	2784	584	2031	2782	
3	2785	598	2783	2789	
3	2786	363	598	2740	
3	2787	2769	2788	2814	
3	2788	2030	2787	2789	
3	2789	2785	2788	2816	
3	2790	365	602	2042	
3	2791	363	2792	2818	
3	2792	1770	2791	2793	
3	2793	365	2792	2821	
3	2794	2032	2795	2961	
3	2795	2794	2812	2968	
3	2796	599	2777	2798	
3	2797	647	2806	2807	
3	2798	2796	2808	2975	
3	2799	600	2800	2978	
3	2800	649	2036	2799	
3	2801	2036	2803	2981	
3	2802	2813	2814	2982	
3	2803	2801	2819	2995	
3	2804	2772	2805	2812	
3	2805	594	2032	2804	
3	2806	2033	2774	2797	
3	2807	2781	2797	2808	
3	2808	597	2798	2807	
3	2809	2775	2810	2811	
3	2810	2035	2039	2809	
3	2811	2809	2812	2967	
3	2812	2795	2804	2811	
3	2813	313	2037	2802	
3	2814	2787	2802	2815	
3	2815	650	2814	2816	
3	2816	603	2789	2815	
3	2817	603	2036	2041	
3	2818	2041	2791	2819	
3	2819	2803	2818	2820	
3	2820	2819	2821	2998	
3	2821	602	2793	2820	
2	2822	604	1822	0	
2	2823	606	616	0	
3	2824	607	726	2858	
3	2825	1847	2826	2862	
3	2826	728	2825	2859	
3	2827	1849	2828	2860	
3	2828	731	2827	2865	
3	2829	622	734	2866	
3	2830	1850	2831	2868	
3	2831	736	2830	2870	
3	2832	608	621	2833	
3	2833	143	738	2832	
3	2834	1855	2835	2885	
3	2835	740	2834	2875	
3	2836	1857	2837	2880	
3	2837	743	2836	2877	
3	2838	609	1861	2839	
3	2839	745	2838	2878	
3	2840	610	1863	2841	
3	2841	747	2840	2894	
3	2842	627	1864	2843	
3	2843	751	2842	2844	
3	2844	752	2843	2889	
3	2845	625	1868	2846	
3	2846	2845	2847	2848	
3	2847	755	2846	2891	
3	2848	1866	2846	2893	
3	2849	613	822	2850	
3	2850	1929	2509	2849	
3	2851	614	615	1089	
3	2852	615	2853	2854	
3	2853	613	2181	2852	
3	2854	116	2852	2855	
3	2855	820	1090	2854	
2	2856	616	2857	0	
5	2857	605	612	2223	
3	2858	131	617	2824	
3	2859	2256	2826	2860	
3	2860	133	2827	2859	
3	2861	2257	2862	2863	
3	2862	1169	2825	2861	
3	2863	617	730	2861	
3	2864	618	1172	2865	
3	2865	2265	2828	2864	
3	2866	620	2279	2829	
3	2867	621	1181	2868	
3	2868	2281	2830	2867	
3	2869	2282	2870	2871	
3	2870	1182	2831	2869	
3	2871	1183	2869	2872	
3	2872	620	2283	2871	
3	2873	145	608	622	
3	2874	623	2296	2875	
3	2875	2835	2874	2876	
3	2876	146	2875	2882	
3	2877	2297	2837	2878	
3	2878	148	2839	2877	
3	2879	2298	2880	2883	
3	2880	149	2836	2879	
3	2881	623	2299	2882	
3	2882	2876	2881	2883	
3	2883	1191	2879	2882	
3	2884	447	609	2885	
3	2885	151	2834	2884	
3	2886	624	1201	2887	
3	2887	610	2310	2886	
3	2888	625	2889	2890	
3	2889	2317	2844	2888	
3	2890	1207	2888	2891	
3	2891	1205	2847	2890	
3	2892	626	628	1210	
3	2893	1215	2326	2848	
3	2894	157	2327	2841	
2	2895	459	2896	0	
5	2896	605	612	2333	
3	2897	606	629	2335	
3	2898	614	2511	2899	
3	2899	1087	1408	2898	
3	2900	2587	2901	2903	
3	2901	2900	2902	2905	
3	2902	234	2901	2908	
3	2903	2589	2900	2904	
3	2904	2903	2905	2922	
3	2905	1493	2901	2904	
3	2906	2591	2907	2909	
3	2907	235	2906	2913	
3	2908	2588	2902	2909	
3	2909	1496	2906	2908	
3	2910	630	2911	2912	
3	2911	1497	2910	2931	
3	2912	2594	2910	2913	
3	2913	1498	2907	2912	
3	2914	536	631	632	
3	2915	631	1500	2925	
3	2916	632	633	1965	
3	2917	858	2918	2928	
3	2918	632	859	2917	
3	2919	2595	2920	2923	
3	2920	2919	2921	2926	
3	2921	538	2920	2922	
3	2922	237	2904	2921	
3	2923	2919	2924	2925	
3	2924	631	1967	2923	
3	2925	2915	2923	2926	
3	2926	1502	2920	2925	
3	2927	539	633	634	
3	2928	238	633	2917	
3	2929	634	2930	2931	
3	2930	630	1969	2929	
3	2931	1503	2911	2929	
3	2932	636	2625	2933	
3	2933	1531	2932	2934	
3	2934	250	635	2933	
3	2935	636	1532	2936	
3	2936	251	551	2935	
3	2937	1535	2631	2944	
3	2938	1539	2633	2939	
3	2939	254	552	2938	
3	2940	635	2636	2941	
3	2941	1540	2940	2942	
3	2942	1541	2635	2941	
3	2943	556	2944	2945	
3	2944	256	2937	2943	
3	2945	1546	2639	2943	
3	2946	637	638	2947	
3	2947	1604	2946	2950	
3	2948	638	641	2949	
3	2949	1605	2948	2950	
3	2950	893	2947	2949	
3	2951	639	640	896	
3	2952	637	640	894	
3	2953	641	642	1607	
3	2954	642	643	897	
3	2955	643	2956	2957	
3	2956	2695	2955	2958	
3	2957	1609	2955	2960	
3	2958	2956	2959	2960	
3	2959	639	2696	2958	
3	2960	1611	2957	2958	
3	2961	2794	2962	2964	
3	2962	2961	2963	2969	
3	2963	304	2962	2965	
3	2964	647	2033	2961	
3	2965	939	2963	2974	
3	2966	1726	2967	2972	
3	2967	2811	2966	2968	
3	2968	2795	2967	2969	
3	2969	1727	2962	2968	
3	2970	599	644	645	
3	2971	645	1729	2972	
3	2972	2035	2966	2971	
3	2973	1731	2974	2976	
3	2974	646	2965	2973	
3	2975	644	648	2798	
3	2976	648	1739	2973	
3	2977	649	1732	2978	
3	2978	2799	2977	2979	
3	2979	305	2978	2986	
3	2980	649	1733	2981	
3	2981	2801	2980	2994	
3	2982	650	2802	2983	
3	2983	2982	2984	2987	
3	2984	1735	2983	2992	
3	2985	600	650	2986	
3	2986	2979	2985	2987	
3	2987	311	2983	2986	
3	2988	2989	2990	2998	
3	2989	601	2988	2991	
3	2990	1749	2988	2993	
3	2991	2037	2989	2992	
3	2992	2984	2991	2993	
3	2993	1751	2990	2992	
3	2994	2981	2995	2996	
3	2995	2803	2994	2997	
3	2996	306	1736	2994	
3	2997	942	2995	2998	
3	2998	2820	2988	2997	
