0 757 795 796
0 757 795 830
0 757 795 949
0 757 830 924
0 757 830 1123
0 790 791 1406
0 790 1002 1085
0 791 1406 1407
0 795 796 1008
0 795 796 1011
0 796 1004 1008
0 796 1008 1123
0 797 1408 1429
0 820 1407 1424
0 830 1008 1123
0 830 1111 1123
0 834 1008 1123
0 1015 1407 1429
0 1084 1085 1446
0 1087 1407 1446
0 1088 1408 1424
1 741 742 743
1 742 743 856
1 742 743 1014
1 742 855 856
1 742 856 1192
1 743 949 1014
1 743 992 1014
1 855 856 1191
1 855 856 1426
1 855 993 1426
1 855 1425 1426
1 991 992 993
1 992 993 1014
1 992 993 1426
1 992 1012 1014
1 993 1426 1428
2 763 771 977
2 763 862 1202
2 763 962 977
2 763 968 1202
2 763 977 1202
2 771 772 969
2 771 772 971
2 771 772 977
2 771 976 977
2 772 968 969
2 772 969 970
2 891 968 1202
2 968 969 1198
2 968 969 1202
3 14 774 1333
3 773 774 961
3 774 850 961
3 774 961 1333
3 774 1331 1333
3 850 960 961
3 850 961 1331
3 850 1180 1331
3 850 1331 1333
3 899 1331 1333
4 12 746 930
4 746 756 930
4 746 777 930
4 746 777 963
4 746 777 978
4 756 769 770
4 756 769 930
4 756 769 944
4 756 927 930
4 767 769 770
4 769 770 963
4 770 777 963
4 770 963 964
4 776 777 963
5 784 786 1183
5 786 792 1009
5 786 835 1009
5 786 854 1183
5 786 1009 1183
5 834 835 1009
5 835 909 1347
5 835 1009 1347
5 835 1119 1347
5 854 909 1348
5 854 1183 1184
5 854 1183 1348
5 854 1189 1348
5 908 909 1347
5 909 1347 1348
5 909 1348 1349
6 789 791 1003
6 791 820 1407
6 791 1003 1015
6 791 1003 1407
6 791 1015 1407
6 791 1087 1407
6 791 1406 1407
6 819 820 1046
6 820 1015 1407
6 820 1044 1046
6 820 1046 1407
6 820 1087 1407
6 820 1407 1424
6 1003 1015 1016
6 1003 1015 1407
6 1015 1407 1429
6 1043 1044 1086
6 1044 1045 1046
6 1044 1046 1086
6 1044 1086 1087
6 1084 1086 1087
6 1086 1087 1407
6 1087 1407 1446
7 40 1425 1427
7 851 853 893
7 851 853 990
7 851 853 1425
7 851 989 990
7 851 990 995
7 853 1295 1425
7 853 1425 1427
7 988 989 990
7 989 990 1427
7 989 1425 1427
7 989 1427 1428
8 828 1098 1106
8 1058 1062 1063
8 1058 1063 1069
8 1058 1063 1438
8 1058 1069 1098
8 1058 1069 1414
8 1062 1063 1106
8 1062 1063 1441
8 1062 1064 1106
8 1062 1098 1106
8 1068 1069 1098
8 1069 1098 1106
9 842 880 1133
9 842 880 1258
9 842 880 1260
9 842 1132 1133
9 842 1133 1135
9 880 1135 1260
9 880 1260 1261
9 1133 1134 1135
9 1133 1135 1260
9 1135 1157 1260
10 845 865 1173
10 845 872 876
10 845 876 1173
10 845 876 1226
10 845 1171 1173
10 853 1294 1295
10 865 1173 1207
10 865 1173 1296
10 865 1295 1296
10 865 1296 1297
10 872 876 1231
10 872 876 1293
10 872 1231 1293
10 872 1293 1294
10 893 1293 1294
10 1190 1295 1296
10 1293 1294 1295
10 1294 1295 1296
11 844 1168 1370
11 904 1354 1355
11 917 1371 1387
11 933 934 1354
11 933 1354 1355
11 933 1354 1373
11 933 1368 1373
11 933 1373 1387
11 1168 1354 1355
11 1168 1355 1363
11 1168 1355 1370
11 1168 1370 1371
11 1370 1371 1372
11 1370 1371 1387
11 1371 1373 1387
11 1373 1374 1387
12 745 775 932
12 745 927 928
12 745 927 930
12 745 927 932
12 745 932 940
12 746 775 930
12 746 775 932
12 746 775 978
12 746 927 930
12 756 927 930
12 775 931 932
13 763 962 977
13 771 976 977
13 773 774 961
13 773 961 962
13 773 961 975
13 773 974 975
13 773 975 976
13 960 961 962
13 961 962 977
13 962 976 977
13 965 975 976
13 975 976 977
14 15 780 981
14 773 774 961
14 773 774 981
14 773 774 1333
14 773 780 981
14 773 974 981
14 774 780 1333
14 780 981 1333
14 780 1332 1333
15 765 776 980
15 766 980 981
15 776 777 978
15 776 978 979
15 776 978 980
15 776 980 981
15 780 979 984
15 780 980 981
15 780 981 984
15 780 984 1329
15 978 979 984
15 978 979 986
15 979 984 986
16 839 1116 1117
16 839 1116 1118
16 839 1116 1138
16 839 1122 1138
16 839 1126 1138
16 1116 1117 1122
16 1116 1117 1338
16 1117 1122 1138
16 1117 1122 1346
16 1122 1138 1151
17 850 1180 1331
17 860 1179 1180
17 899 1179 1330
17 899 1180 1331
17 899 1330 1331
17 899 1330 1343
17 899 1331 1333
17 1179 1180 1330
17 1179 1180 1331
17 1179 1330 1344
18 846 1207 1214
18 865 1173 1207
18 865 1207 1214
18 865 1207 1297
18 865 1296 1297
18 865 1297 1298
18 1191 1297 1298
18 1192 1213 1298
18 1207 1213 1214
18 1213 1214 1298
18 1213 1214 1299
18 1213 1297 1298
19 870 1225 1235
19 879 1225 1234
19 879 1233 1234
19 879 1234 1451
19 879 1244 1451
19 879 1246 1451
19 1222 1225 1234
19 1225 1234 1235
19 1225 1235 1246
19 1235 1237 1246
19 1235 1246 1451
19 1246 1450 1451
20 878 1228 1230
20 878 1228 1240
20 878 1228 1292
20 878 1239 1240
20 878 1240 1250
20 1228 1238 1292
20 1228 1291 1292
20 1238 1243 1249
20 1238 1249 1250
20 1238 1249 1292
20 1238 1292 1293
20 1240 1249 1250
20 1240 1250 1252
20 1249 1250 1454
21 781 987 1327
21 781 1324 1336
21 781 1327 1328
21 781 1327 1336
21 781 1336 1380
21 901 1328 1335
21 901 1335 1350
21 912 1336 1380
21 914 1350 1380
21 987 1327 1328
21 1327 1328 1335
21 1328 1335 1350
21 1335 1350 1380
21 1336 1350 1380
22 912 1380 1389
22 914 1380 1383
22 916 920 1389
22 918 920 1396
22 918 1382 1383
22 918 1382 1396
22 918 1382 1405
22 918 1396 1480
22 920 1380 1389
22 920 1389 1396
22 920 1396 1397
22 1380 1382 1383
22 1380 1383 1389
22 1381 1382 1383
23 58 59 529
23 58 179 529
23 58 298 361
23 58 342 361
23 58 361 529
23 179 341 1426
23 179 526 1426
23 179 529 530
23 179 529 1426
23 341 342 343
23 341 342 361
23 341 342 1426
23 341 1426 1428
23 342 360 361
24 25 71 278
24 61 64 277
24 61 64 278
24 61 64 280
24 61 277 291
24 61 277 295
24 62 64 278
24 64 71 278
24 71 72 278
24 71 72 293
24 71 72 295
24 72 277 295
24 72 295 296
24 277 290 295
25 62 64 278
25 62 71 278
25 62 94 278
25 62 94 313
25 62 94 326
25 71 85 86
25 71 86 278
25 71 86 293
25 85 86 87
25 85 86 313
25 85 94 313
25 85 313 314
25 94 95 313
26 60 275 276
26 68 275 276
26 68 276 292
26 68 276 305
26 68 290 305
26 68 302 305
26 77 302 305
26 274 275 301
26 275 276 301
26 275 301 302
26 300 301 302
26 301 302 305
27 73 107 144
27 107 108 109
27 107 108 144
27 107 108 456
27 107 143 144
27 108 143 456
27 108 355 456
27 143 144 446
27 143 144 456
27 143 456 457
28 84 314 315
28 85 86 87
28 85 87 314
28 85 87 315
28 85 313 314
28 85 314 315
28 87 314 315
28 87 315 317
29 90 91 334
29 90 170 310
29 90 170 334
29 90 170 667
29 90 334 670
29 170 517 667
29 170 667 670
29 236 667 670
29 334 667 670
29 334 668 670
30 54 96 329
30 90 91 334
30 91 96 329
30 91 322 329
30 91 329 334
30 91 334 668
30 96 329 668
30 96 334 668
30 96 666 668
30 334 668 670
31 81 311 325
31 88 324 325
31 90 91 311
31 90 91 323
31 90 91 334
31 90 310 311
31 90 311 325
31 91 322 323
31 91 323 324
31 311 324 325
31 315 323 324
31 323 324 325
32 99 101 520
32 99 106 357
32 99 150 357
32 99 177 520
32 99 357 520
32 150 256 451
32 150 357 451
32 150 357 459
32 150 451 452
32 162 256 451
32 177 178 684
32 177 256 684
32 177 520 521
32 177 520 684
32 256 451 684
32 256 684 701
33 113 142 436
33 115 142 412
33 115 412 1444
33 116 133 134
33 116 134 436
33 116 134 1445
33 116 142 436
33 116 435 436
33 134 1081 1445
33 134 1444 1445
33 142 412 436
33 142 412 1444
33 412 1444 1445
33 1081 1444 1445
34 36 420 431
34 118 122 379
34 118 139 431
34 118 378 379
34 118 379 431
34 118 420 431
34 122 376 379
34 122 379 420
34 122 386 420
34 122 420 431
35 125 389 1413
35 125 424 1435
35 125 1413 1435
35 388 389 424
35 388 389 427
35 388 389 1413
35 388 424 425
35 388 424 1435
35 389 430 1413
35 424 1412 1435
36 114 371 438
36 114 418 419
36 114 419 420
36 114 419 438
36 114 438 439
36 124 431 432
36 373 438 439
36 402 432 439
36 418 419 420
36 419 420 431
36 420 431 432
36 431 432 439
36 432 438 439
37 115 423 440
37 138 400 425
37 393 399 400
37 399 400 408
37 399 400 425
37 399 408 409
37 399 408 423
37 400 425 440
37 407 408 423
37 408 423 440
37 423 425 440
37 425 440 441
38 160 161 467
38 160 208 597
38 160 467 468
38 160 467 597
38 160 492 597
38 209 492 597
38 467 468 478
38 467 468 492
38 468 469 492
38 468 492 597
39 41 635 636
39 164 165 201
39 164 165 507
39 164 165 543
39 164 196 201
39 164 201 566
39 165 166 543
39 165 543 637
39 180 636 637
39 189 543 637
39 196 197 634
39 196 201 202
39 196 201 634
39 196 634 635
39 522 634 635
39 543 636 637
39 634 635 636
39 635 636 637
40 173 174 176
40 173 174 340
40 173 174 1425
40 173 636 1425
40 173 1425 1427
40 174 340 345
40 174 340 1427
40 339 340 1427
40 340 1425 1427
41 173 174 176
41 173 176 522
41 173 176 636
41 173 635 636
41 173 636 1425
41 176 224 522
41 176 522 635
41 522 634 635
41 522 635 636
42 205 570 573
42 205 572 573
42 205 573 590
42 205 578 590
42 205 589 590
42 569 570 573
42 570 573 578
42 570 578 590
42 570 578 633
42 578 590 1454
43 217 498 602
43 217 498 603
43 217 498 614
43 217 592 614
43 217 613 614
43 218 602 612
43 498 499 602
43 498 602 612
43 602 612 613
43 612 613 614
43 612 613 1464
43 613 614 1465
44 58 59 529
44 59 184 225
44 59 184 273
44 59 184 529
44 59 529 530
44 179 529 530
44 183 184 225
44 184 225 226
44 225 226 530
44 225 226 642
44 226 529 530
44 226 530 639
45 170 517 667
45 186 245 516
45 187 516 517
45 236 245 516
45 236 245 667
45 236 245 682
45 236 517 667
45 236 667 670
45 245 516 517
45 516 517 667
46 60 237 276
46 237 243 678
46 237 276 287
46 237 276 678
46 237 677 678
46 243 254 678
46 243 287 662
46 243 661 662
46 243 662 678
46 276 287 292
46 276 287 662
46 287 288 662
47 239 665 671
47 239 671 672
47 244 255 669
47 244 255 699
47 244 666 669
47 244 669 699
47 244 685 699
47 263 685 711
47 331 685 699
47 338 665 666
47 665 666 669
47 665 666 671
47 665 671 672
47 666 668 669
47 671 672 711
47 672 685 711
47 672 686 711
47 685 699 711
48 52 271 707
48 52 503 705
48 52 705 707
48 52 705 729
48 52 706 707
48 65 281 704
48 163 503 705
48 258 704 706
48 271 706 707
48 281 282 691
48 281 691 692
48 281 691 704
48 281 704 706
48 503 683 692
48 503 691 692
48 503 692 705
48 690 691 692
48 704 706 707
49 257 259 713
49 257 262 331
49 257 262 712
49 257 262 713
49 257 713 714
49 262 263 712
49 262 712 714
49 712 713 714
49 712 714 738
49 713 714 737
50 257 260 710
50 259 260 708
50 260 708 710
50 260 708 733
50 260 710 732
50 330 710 732
50 708 732 733
50 708 733 734
50 710 732 733
50 722 732 733
51 258 270 706
51 258 704 706
51 258 706 709
51 258 709 715
51 258 709 735
51 270 706 721
51 270 706 735
51 270 709 735
51 270 721 735
51 708 709 735
52 269 705 729
52 271 706 707
52 271 707 730
52 271 721 730
52 271 729 730
52 705 729 730
52 720 729 730
53 57 265 709
53 57 265 713
53 57 265 737
53 57 713 737
53 57 737 1481
53 259 265 713
53 265 713 737
53 713 714 737
54 82 328 329
54 83 95 328
54 93 326 327
54 94 95 326
54 95 326 327
54 95 326 328
54 95 328 329
54 96 327 333
54 96 328 329
54 96 329 333
54 96 333 666
54 326 327 333
54 327 333 337
55 231 647 654
55 643 647 650
55 647 650 654
55 647 650 657
55 647 654 1467
55 650 656 657
55 650 657 1318
55 654 655 1467
55 654 1315 1467
55 657 1315 1318
55 657 1317 1318
55 1311 1315 1318
55 1315 1316 1467
55 1315 1318 1467
56 228 233 652
56 233 651 1469
56 233 652 653
56 233 652 1469
56 233 1320 1469
56 234 653 658
56 645 652 653
56 652 653 658
56 653 658 1470
56 658 659 1470
56 658 1322 1470
56 1313 1320 1322
56 1319 1320 1469
56 1320 1322 1469
56 1320 1322 1470
56 1321 1322 1470
57 259 265 709
57 265 709 727
57 709 718 727
57 709 727 1483
57 727 736 1483
57 727 1481 1483
57 737 1481 1482
57 737 1481 1483
57 1399 1481 1483
58 59 273 298
58 59 298 361
58 59 298 529
58 73 298 361
59 171 184 273
59 184 273 298
59 273 298 299
60 145 274 443
60 146 242 443
60 237 242 679
60 237 275 276
60 237 276 679
60 237 677 679
60 242 251 679
60 242 274 443
60 242 443 679
60 274 275 276
60 274 275 301
60 274 275 443
61 63 64 280
61 64 280 289
61 277 289 291
61 277 290 291
61 280 288 289
61 280 289 291
61 289 291 292
62 63 64 92
62 63 64 278
62 63 64 280
62 63 92 279
62 63 92 326
62 92 93 326
62 92 94 326
62 94 95 326
63 64 279 280
63 66 279 280
63 92 93 279
63 92 279 280
65 250 687 703
65 266 703 704
65 281 282 283
65 281 283 285
65 281 283 704
65 281 703 704
65 283 284 285
65 283 285 696
65 285 687 696
65 285 696 697
65 680 687 696
65 687 696 703
65 687 703 704
66 67 235 286
66 67 279 280
66 67 280 286
66 67 280 288
66 67 286 288
66 93 279 335
66 93 335 336
66 235 286 336
66 235 286 660
66 235 335 336
66 235 336 663
66 279 280 335
66 279 335 336
67 280 286 288
67 280 288 289
67 286 288 661
68 276 287 292
68 276 290 292
68 290 291 292
68 290 292 305
68 290 304 305
69 70 293 316
69 70 294 296
69 70 294 307
69 70 294 316
69 70 306 316
69 78 306 307
69 294 306 307
69 294 307 308
69 306 307 316
69 306 316 320
70 72 293 296
70 87 293 316
70 293 294 296
70 293 296 316
70 294 296 297
71 72 86 293
71 72 293 296
71 86 87 293
72 293 295 296
72 295 296 297
73 74 107 144
73 74 144 274
73 74 144 298
73 74 298 300
73 74 298 361
73 107 109 110
73 107 110 144
73 107 110 361
73 110 298 361
73 110 360 361
74 144 145 274
74 144 274 301
74 274 275 301
74 274 300 301
74 298 299 300
74 298 300 301
74 300 301 302
75 76 77 272
75 76 77 300
75 76 77 303
75 76 272 273
75 76 272 519
75 77 299 300
75 77 300 302
75 171 272 273
75 272 273 299
75 273 298 299
75 273 299 300
75 298 299 300
76 77 294 303
76 77 303 304
76 79 308 519
76 172 272 519
76 272 308 519
76 294 297 303
76 294 303 308
76 294 307 308
76 294 308 519
77 290 304 305
77 297 303 304
77 300 301 302
77 300 302 305
77 302 304 305
77 303 304 305
78 79 181 307
78 79 181 318
78 79 181 518
78 79 306 307
78 79 307 308
78 89 318 321
78 181 318 321
78 181 318 531
78 306 307 321
78 306 318 321
78 306 320 321
79 172 181 518
79 172 182 518
79 172 272 519
79 172 308 519
79 172 518 519
79 181 518 528
79 294 307 308
79 307 308 519
80 81 89 312
80 81 220 536
80 81 309 536
80 81 312 325
80 81 312 536
80 88 89 312
80 89 185 318
80 89 312 318
80 89 318 321
80 185 220 625
80 185 221 625
80 185 318 531
80 185 318 625
80 220 536 537
80 220 536 625
80 220 557 625
81 88 312 325
81 188 309 536
81 309 310 311
81 309 311 325
81 309 311 536
81 311 312 325
82 83 84 328
82 84 315 323
82 84 322 323
82 84 323 328
82 84 328 329
82 91 322 323
82 91 322 329
82 322 323 329
82 322 328 329
83 84 95 328
83 84 313 314
83 84 314 315
83 84 314 328
83 85 313 314
83 94 95 313
83 95 313 314
83 95 313 328
84 314 315 323
84 315 323 324
85 86 87 293
86 87 293 316
87 293 316 317
87 315 316 317
87 315 317 319
87 316 317 319
88 89 312 320
88 89 312 325
88 89 319 320
88 89 320 321
88 312 324 325
88 315 319 324
88 316 319 320
88 319 320 324
88 319 324 325
89 306 320 321
89 318 320 321
90 170 310 311
90 170 310 533
90 309 310 311
91 322 323 329
92 93 279 326
92 93 279 335
92 93 326 327
93 279 335 336
93 326 327 337
93 327 333 337
93 327 336 337
93 335 336 337
93 336 337 338
94 95 313 326
96 333 338 666
96 333 666 668
96 666 668 669
97 98 103 344
97 98 339 340
97 98 339 344
97 98 339 1427
97 98 343 344
97 103 344 352
97 103 344 417
97 103 349 417
97 103 384 417
97 339 340 348
97 339 340 1427
97 340 345 348
97 340 348 349
97 348 349 367
97 348 349 417
97 349 369 417
98 339 340 1427
98 339 1427 1428
98 341 342 343
98 341 343 344
98 341 343 1428
98 341 1426 1428
98 341 1427 1428
98 343 344 360
98 989 1427 1428
99 100 101 520
99 101 104 106
99 101 104 347
99 101 104 520
99 104 105 106
99 104 106 357
99 106 356 357
100 101 175 520
100 101 345 346
100 101 346 347
100 101 346 520
100 174 175 176
100 174 175 345
100 174 175 520
100 174 340 345
100 174 345 346
100 175 520 521
100 345 346 348
101 102 104 347
101 102 346 347
101 104 346 347
102 104 105 111
102 104 111 347
102 104 111 351
102 104 346 347
102 111 350 351
102 111 351 366
102 113 350 351
102 346 347 350
102 346 348 350
102 346 350 351
103 137 384 417
103 344 352 360
103 344 352 384
103 352 384 385
103 352 384 417
104 105 106 111
104 105 106 365
104 105 111 366
105 106 112 365
105 106 356 365
105 111 351 366
105 111 366 370
105 112 364 365
105 112 365 370
105 112 366 370
105 112 370 437
105 366 370 435
106 151 356 357
106 355 356 365
106 356 357 365
107 108 109 110
107 108 109 354
107 109 110 359
108 109 354 355
108 109 354 358
108 353 354 355
108 354 355 456
108 355 356 456
109 110 358 359
109 110 359 360
109 354 358 359
109 354 358 363
109 358 359 362
110 342 360 361
110 352 359 360
110 359 360 361
111 351 366 436
112 114 364 371
112 353 364 365
112 364 365 371
112 364 371 437
112 370 371 437
112 370 372 437
112 371 437 438
113 142 351 436
113 142 367 368
113 142 368 369
113 142 368 436
113 348 350 367
113 350 351 367
113 350 351 436
113 350 367 368
113 351 366 436
113 367 368 369
114 363 364 418
114 364 371 418
114 364 371 438
114 364 418 419
114 371 437 438
114 418 419 420
115 142 369 374
115 142 374 412
115 142 374 440
115 142 412 1444
115 374 423 440
115 374 440 441
115 407 408 423
115 407 423 440
115 407 423 1420
115 407 814 1420
115 407 1420 1444
115 412 1420 1444
115 1081 1420 1444
116 133 134 435
116 133 134 1074
116 133 372 435
116 133 435 436
116 366 435 436
117 118 378 380
117 119 377 429
117 377 380 429
117 377 429 1410
117 377 802 1410
117 377 1410 1431
117 378 380 429
117 378 380 802
117 378 802 1034
117 378 802 1410
117 380 429 430
117 802 1037 1410
118 139 378 380
118 139 380 430
118 139 380 431
118 139 391 431
118 378 379 380
118 378 379 1034
119 377 381 1411
119 377 427 429
119 377 429 1411
119 377 1411 1431
119 381 382 1411
119 381 427 428
119 381 427 429
119 381 427 1411
119 389 427 429
120 381 382 1411
120 382 383 384
120 382 383 1411
120 382 383 1432
120 382 805 1411
120 383 1041 1432
120 383 1409 1432
120 805 806 1041
120 805 1041 1411
120 805 1041 1432
120 805 1411 1431
120 1041 1409 1432
121 122 376 379
121 122 376 386
121 122 376 1409
121 122 385 386
121 122 386 420
121 352 385 386
121 376 383 1409
121 376 1409 1430
121 383 384 385
121 383 385 386
121 383 385 1409
121 383 1409 1432
122 362 386 420
122 376 379 1430
123 139 390 430
123 389 430 1413
123 390 391 1433
123 390 430 1413
123 390 430 1433
123 390 807 1433
123 430 1055 1413
123 807 1047 1433
123 807 1055 1056
123 807 1055 1413
123 807 1055 1433
123 810 1055 1413
124 131 402 433
124 139 391 431
124 140 141 391
124 140 141 433
124 140 141 1437
124 140 391 431
124 140 391 1434
124 141 402 433
124 141 433 434
124 391 431 432
124 402 431 432
124 402 432 433
124 402 432 439
125 810 1413 1435
126 130 131 392
126 130 392 401
126 130 392 1414
126 130 401 434
126 130 401 1416
126 392 1414 1438
126 392 1414 1442
126 400 401 1416
126 401 1416 1442
126 1067 1416 1442
126 1068 1414 1442
126 1414 1416 1442
127 393 394 398
127 393 394 400
127 393 394 1415
127 393 395 398
127 393 398 409
127 394 1415 1439
127 394 1415 1440
127 395 397 398
127 395 398 1440
127 395 1415 1440
127 395 1440 1441
127 1059 1415 1440
128 131 392 396
128 131 395 396
128 131 396 402
128 131 402 421
128 131 402 433
128 395 396 397
128 395 396 1441
128 395 397 398
128 395 397 413
128 397 413 421
128 397 413 422
128 402 413 421
128 402 421 439
128 413 414 421
129 393 394 400
129 394 400 1416
129 394 400 1439
129 394 1415 1439
129 394 1416 1439
129 400 401 1416
129 400 1416 1439
129 812 1416 1439
130 131 392 396
130 131 392 433
130 131 402 433
130 131 433 434
130 138 401 434
130 141 433 434
130 401 433 434
131 392 396 1438
132 135 414 415
132 373 403 404
132 403 404 414
132 403 404 1417
132 403 1417 1418
132 403 1417 1419
132 404 414 415
132 404 414 421
132 414 415 1418
132 415 1082 1418
132 415 1417 1418
132 813 1417 1418
133 134 406 1074
133 134 815 1074
133 370 372 435
133 372 375 405
133 372 375 406
133 372 375 435
133 375 405 406
133 375 406 1074
133 406 1073 1074
134 815 816 1074
134 815 1074 1081
134 815 1080 1081
134 815 1081 1445
134 1081 1444 1445
135 136 410 422
135 136 411 1443
135 136 413 422
135 136 422 1443
135 136 1422 1443
135 397 413 422
135 413 414 415
135 413 414 421
135 413 414 422
135 414 415 1423
135 415 1082 1423
135 415 1422 1423
135 817 1422 1443
135 1090 1422 1423
135 1422 1423 1443
136 397 410 422
136 409 410 411
136 410 411 422
136 410 411 1443
136 411 1421 1443
137 369 416 417
137 369 416 441
137 381 382 384
137 381 382 428
137 381 382 1411
137 381 427 428
137 381 428 442
137 382 383 384
137 382 384 417
137 384 416 417
137 416 417 441
137 416 441 442
137 425 428 442
137 425 441 442
137 428 441 442
138 387 426 434
138 388 424 425
138 400 401 425
138 400 401 434
138 400 401 1416
138 400 424 425
138 401 426 434
138 424 425 426
138 424 426 434
138 424 426 1412
139 380 390 430
139 380 429 430
139 390 391 430
139 390 391 431
139 390 391 1433
140 141 387 1437
140 141 1434 1437
140 391 1433 1434
140 391 1434 1437
140 1049 1434 1437
141 387 426 434
141 387 433 434
141 387 434 1437
141 387 1436 1437
142 367 368 369
142 368 369 374
142 369 374 441
143 144 145 446
143 144 446 457
143 151 456 457
143 446 447 457
143 446 456 457
144 145 274 443
144 145 274 446
144 145 444 446
145 147 443 444
145 274 443 444
145 443 444 446
145 444 445 446
146 147 242 443
146 147 443 444
146 147 443 674
146 147 450 674
146 147 674 688
146 242 251 252
146 242 252 443
146 242 252 688
146 252 674 688
146 252 688 689
146 674 675 688
147 443 444 450
147 444 445 450
147 444 450 674
147 449 450 674
148 149 241 683
148 149 452 454
148 149 454 455
148 149 454 683
148 149 683 700
148 150 451 452
148 162 451 700
148 451 452 454
148 451 452 700
148 451 683 700
148 452 454 484
148 503 683 700
149 159 448 455
149 241 448 449
149 241 448 455
149 241 448 683
149 241 676 683
149 448 454 455
149 454 455 485
150 151 357 459
150 157 453 459
150 357 453 459
150 451 452 453
150 452 453 459
150 452 453 484
151 157 458 459
151 355 356 456
151 356 357 456
151 356 357 459
151 356 456 457
151 357 458 459
151 456 457 458
151 457 458 459
151 457 458 479
152 153 159 460
152 159 455 486
152 159 460 462
152 159 460 486
152 159 461 486
152 460 461 462
152 460 462 463
152 461 462 486
152 461 462 646
152 461 473 486
153 154 159 460
153 154 445 450
153 154 449 450
153 154 450 460
153 154 460 474
153 159 448 449
153 159 449 450
153 159 449 460
153 449 450 674
154 444 445 450
154 445 447 475
154 445 450 475
154 445 474 475
154 460 463 474
154 460 474 475
154 464 474 475
155 158 479 480
155 446 447 457
155 447 457 477
155 447 457 479
155 447 475 477
155 447 477 478
155 457 458 479
155 457 479 480
155 465 477 478
155 468 478 480
155 477 478 480
155 478 479 480
156 157 453 459
156 157 453 483
156 157 453 484
156 157 482 483
156 157 483 484
156 452 453 484
156 453 483 484
156 471 483 484
157 158 458 459
157 158 458 479
157 158 458 481
157 158 480 481
157 158 481 482
157 453 458 459
157 469 481 482
157 470 482 483
157 481 482 483
158 457 458 479
158 458 479 480
158 469 480 481
158 479 480 481
159 241 448 449
159 448 449 455
159 448 455 486
159 455 485 486
160 161 207 208
160 161 207 467
160 161 207 491
160 161 466 467
160 207 208 594
160 207 208 597
160 208 596 597
161 207 210 491
161 207 466 491
161 465 466 467
161 466 467 491
161 466 489 491
162 163 451 700
162 163 503 700
162 163 504 505
162 163 505 700
162 163 505 701
162 256 451 700
162 256 451 701
162 256 505 701
162 256 684 701
162 505 701 702
163 269 504 705
163 330 504 505
163 503 504 705
163 503 683 700
163 503 700 705
163 504 505 705
164 165 166 507
164 165 506 507
164 201 506 566
164 201 566 574
164 506 507 510
164 506 507 566
164 506 566 568
165 166 169 507
165 166 507 543
165 166 543 544
166 167 508 544
166 168 169 507
166 168 169 508
166 168 169 511
166 168 508 509
166 168 508 544
166 169 507 510
166 189 543 544
166 508 543 544
167 168 508 509
167 190 509 547
167 191 551 552
167 508 509 544
167 508 509 547
167 508 544 551
167 509 547 552
167 544 550 551
167 544 551 552
167 546 547 552
167 547 551 552
168 169 510 511
168 169 511 513
168 508 509 513
168 509 511 513
168 509 513 548
168 511 513 553
169 506 507 510
169 507 510 511
169 510 511 512
170 187 310 533
170 187 516 517
170 187 517 533
170 187 517 667
170 187 533 534
170 309 310 533
171 172 182 618
171 172 183 618
171 172 272 273
171 172 272 519
171 172 272 618
171 183 184 225
171 183 184 273
171 183 184 618
171 183 618 619
171 184 272 273
172 182 518 618
172 182 518 620
172 182 618 620
173 174 175 176
173 180 636 1425
174 175 176 224
174 340 345 348
175 176 224 521
175 176 224 522
175 177 520 521
175 224 520 521
175 224 521 632
176 224 522 633
177 178 223 521
177 178 223 631
177 178 223 684
177 178 248 684
177 223 520 521
177 223 521 632
178 198 630 631
178 223 630 631
178 223 631 632
178 248 523 525
178 248 525 629
178 248 525 684
178 248 684 701
178 525 627 629
178 525 629 630
178 628 629 630
178 629 630 631
179 180 526 1426
179 526 527 530
179 526 527 638
179 526 527 1426
179 527 529 530
179 527 530 639
180 189 637 638
180 526 527 638
180 526 637 638
180 526 638 1426
180 526 1425 1426
180 636 637 638
180 636 637 1425
180 636 1425 1426
180 855 1425 1426
181 185 318 531
181 185 531 532
181 318 531 532
181 518 528 532
181 518 528 622
181 528 531 532
181 528 532 623
182 518 618 620
182 518 620 621
182 545 618 620
183 184 225 642
183 191 619 642
183 225 226 642
183 225 619 642
183 545 618 619
183 618 619 642
185 221 531 532
185 221 532 623
185 221 532 625
185 221 624 625
185 318 531 532
186 187 222 516
186 193 222 524
186 222 245 516
186 222 516 524
186 222 523 524
186 245 246 247
186 245 247 516
186 245 247 523
186 247 249 523
186 247 523 524
186 523 524 627
187 188 533 534
187 193 222 535
187 222 516 517
187 222 516 535
187 222 534 535
187 533 534 535
187 534 535 626
188 220 536 537
188 309 310 533
188 309 533 534
188 309 533 536
188 309 536 537
188 533 534 538
188 534 537 538
188 534 538 626
188 536 537 538
188 537 538 558
189 543 544 550
189 543 544 637
189 543 637 638
189 544 550 551
189 544 550 640
189 550 551 640
189 550 638 640
189 637 638 640
189 638 639 640
190 509 513 548
190 509 546 547
190 509 547 548
190 509 548 549
190 513 548 549
190 518 621 622
190 545 546 621
190 546 547 552
190 546 547 621
190 546 621 622
190 548 549 622
190 549 621 622
190 549 622 623
191 226 641 642
191 545 546 552
191 545 546 619
191 545 546 621
191 545 618 619
191 545 619 642
191 546 547 552
191 546 551 552
191 551 552 641
191 551 640 641
191 551 641 642
191 619 641 642
192 220 557 625
192 221 624 625
192 511 553 554
192 549 553 624
192 553 554 557
192 553 554 624
192 553 624 625
192 554 557 558
192 554 557 625
192 557 624 625
193 194 539 540
193 222 524 535
193 222 524 628
193 222 535 556
193 524 539 628
193 524 627 628
193 535 540 556
193 535 556 626
193 539 540 556
193 539 540 628
193 539 541 628
193 540 555 556
194 539 540 541
194 539 540 559
194 539 541 542
194 539 541 628
194 540 559 560
194 540 559 562
194 541 542 561
194 541 542 630
194 542 560 561
194 542 561 571
194 559 560 561
194 559 560 575
194 560 561 576
195 506 507 510
195 506 510 512
195 506 510 568
195 506 563 568
195 506 566 568
195 510 511 512
195 510 512 562
195 512 515 562
195 512 562 563
195 562 563 565
195 562 563 568
195 563 567 568
196 197 201 202
196 197 202 579
196 197 202 634
196 197 633 634
196 201 202 574
197 202 579 580
197 202 579 588
197 522 633 634
197 570 578 633
197 578 579 588
197 578 588 633
197 578 588 1454
197 578 633 634
197 579 588 591
198 199 200 630
198 200 569 573
198 200 572 573
198 200 573 630
198 200 630 631
198 569 570 573
198 569 573 631
198 569 630 631
198 569 631 632
199 200 542 630
199 200 571 572
199 200 572 573
199 200 572 630
199 541 542 630
199 542 561 571
199 542 571 572
199 542 571 630
199 561 571 572
200 205 572 573
201 202 566 574
201 202 574 580
201 566 574 577
202 574 577 580
202 574 579 580
202 579 580 591
203 205 561 572
203 205 572 573
203 205 572 589
203 205 582 589
203 205 589 590
203 560 561 576
203 561 571 572
203 561 572 576
203 561 576 582
203 576 581 582
203 576 582 589
203 582 589 1449
204 559 565 575
204 563 564 565
204 564 565 575
204 564 565 583
204 564 567 583
204 564 583 584
204 565 575 585
204 575 581 585
204 575 584 585
204 583 584 585
204 583 584 587
204 584 585 1451
205 589 590 1457
206 564 567 583
206 566 567 577
206 567 577 580
206 567 577 583
206 567 583 1453
206 574 577 580
206 577 580 1459
206 580 586 1459
206 580 1458 1459
206 583 586 1453
206 583 587 1453
206 586 1452 1453
206 586 1452 1459
206 586 1453 1459
207 208 593 594
207 208 594 595
207 210 490 491
207 210 491 592
207 210 592 593
207 210 592 603
207 213 593 594
207 592 593 594
207 592 593 606
208 213 594 595
208 594 595 596
208 595 596 597
208 595 596 608
208 596 597 598
209 215 599 600
209 469 492 493
209 470 493 495
209 492 493 495
209 492 493 597
209 492 597 598
209 493 494 495
209 494 495 496
209 494 495 600
209 494 599 600
209 494 600 601
209 596 597 598
209 597 598 599
209 598 599 600
209 598 599 608
210 217 592 603
210 489 490 491
210 490 491 603
210 490 498 603
210 490 592 603
211 212 218 219
211 212 219 502
211 212 219 605
211 212 500 502
211 212 501 502
211 218 219 602
211 218 219 611
211 218 499 602
211 218 602 612
211 228 499 500
211 498 499 602
211 499 500 502
211 499 500 602
211 500 502 645
212 219 501 605
212 219 605 615
212 229 501 502
212 501 502 605
212 501 604 605
213 214 594 595
213 214 595 608
213 214 595 1461
213 214 606 1461
213 214 607 1461
213 592 593 606
213 593 594 595
213 593 594 606
213 593 606 1461
213 606 1460 1461
214 595 596 608
214 595 607 608
214 607 608 1275
214 607 608 1461
214 607 1273 1461
215 216 599 600
215 216 600 601
215 216 600 609
215 216 608 609
215 216 609 1276
215 598 599 608
215 599 600 608
215 599 608 609
215 608 609 1275
216 494 600 601
216 501 601 604
216 600 601 604
216 601 604 615
216 604 605 615
216 604 610 615
216 609 610 1276
216 609 886 1276
216 610 615 616
216 610 615 1276
216 610 1276 1463
217 490 498 603
217 498 592 603
217 592 603 614
217 592 614 1462
218 219 611 612
218 219 611 617
218 602 611 612
218 611 612 1464
219 604 605 615
219 605 615 616
219 610 615 616
219 611 616 617
219 611 617 888
219 615 616 617
219 616 617 1466
220 536 537 557
220 537 557 558
220 537 557 625
221 528 532 623
221 532 623 624
221 549 623 624
221 623 624 625
223 224 521 632
223 521 631 632
223 569 631 632
224 521 632 633
224 522 632 633
224 522 633 634
224 569 632 633
225 226 641 642
226 527 530 639
226 530 639 641
226 639 640 641
226 639 641 642
227 231 487 489
227 231 487 646
227 231 487 654
227 231 647 654
227 231 654 655
227 463 487 489
227 487 488 489
227 488 489 490
227 488 489 651
227 488 644 651
227 488 651 655
227 651 654 655
227 651 655 1468
227 654 655 1467
228 233 490 644
228 233 500 652
228 233 644 651
228 233 644 652
228 488 490 644
228 490 498 499
228 490 498 603
228 490 498 644
228 498 499 500
228 498 499 602
228 499 500 652
228 500 645 652
229 230 234 649
229 230 496 497
229 230 496 501
229 230 496 649
229 230 648 649
229 234 502 645
229 234 645 649
229 234 645 653
229 234 649 659
229 494 496 501
229 496 501 502
229 500 502 645
229 501 502 645
230 232 497 648
230 470 496 497
230 496 497 648
230 497 648 649
230 648 649 656
231 462 487 646
231 487 646 647
231 643 646 647
231 646 647 654
232 472 473 497
232 473 497 648
232 473 497 650
232 473 643 650
232 473 650 656
232 497 648 656
232 648 649 656
232 648 650 656
232 650 656 657
233 488 644 651
233 644 651 1469
233 651 1468 1469
234 645 652 653
234 645 653 658
234 649 656 659
234 649 658 659
234 653 658 659
234 658 659 1470
235 238 660 663
235 286 660 663
235 286 660 680
235 336 660 663
235 336 663 664
236 245 246 682
236 245 669 682
236 255 669 682
236 667 669 670
236 668 669 670
236 669 670 682
237 251 677 679
237 253 677 678
237 677 678 679
238 239 240 660
238 239 240 663
238 239 240 673
238 239 660 663
238 239 663 664
238 240 660 663
238 240 660 687
239 240 672 673
239 240 673 686
239 336 663 664
239 338 664 665
239 663 664 665
239 664 665 671
239 665 671 672
239 671 672 673
239 672 673 686
240 250 261 686
240 250 660 687
240 250 673 686
240 250 686 687
240 250 687 703
240 660 680 687
240 672 673 686
241 448 449 675
241 449 674 675
241 449 675 676
241 675 676 683
241 675 676 692
241 676 683 692
242 251 252 679
242 251 252 695
242 251 677 679
243 253 254 678
243 254 661 681
243 254 678 681
243 254 681 696
243 288 661 662
243 661 662 681
243 661 680 681
244 255 669 682
244 255 669 699
244 255 698 699
245 246 247 332
245 246 247 682
245 246 682 698
246 247 249 332
246 247 332 698
246 255 682 698
246 331 332 698
246 332 682 698
247 248 249 523
247 249 332 523
247 249 332 702
248 249 332 702
248 249 523 525
248 249 523 702
248 249 701 702
248 256 684 701
248 505 701 702
248 523 525 627
248 684 701 702
249 330 332 702
250 261 264 686
250 261 264 703
250 261 264 738
250 261 686 711
250 264 687 703
250 264 703 716
251 252 689 695
251 252 693 695
251 253 677 693
251 284 693 695
251 677 679 693
251 677 693 695
252 282 689 695
252 688 689 690
252 688 689 695
253 254 677 678
253 254 678 697
253 254 694 697
253 254 696 697
253 284 693 694
253 285 694 697
253 677 678 693
253 677 693 694
253 693 694 697
254 285 696 697
254 680 681 696
254 681 696 697
255 331 698 699
255 669 682 698
255 682 698 699
257 259 260 708
257 259 260 710
257 259 260 713
257 259 265 713
257 260 331 710
257 262 331 685
257 262 331 710
257 331 332 710
258 266 704 715
258 704 706 715
258 704 709 715
258 709 715 718
259 260 708 709
259 265 708 709
259 265 709 713
259 708 709 735
261 263 711 712
261 264 267 738
261 264 712 738
261 672 686 711
261 686 711 712
261 711 712 738
261 712 714 738
262 263 331 685
262 263 685 711
262 263 685 712
262 263 711 712
262 331 685 699
263 685 711 712
264 266 703 716
264 267 716 739
264 267 724 738
264 267 726 739
264 267 738 739
264 703 716 739
264 716 728 739
266 703 704 715
266 703 704 716
266 703 716 719
266 704 715 718
266 709 715 718
266 715 718 740
266 716 719 728
266 716 719 740
266 718 719 740
266 718 736 740
266 719 740 1484
267 268 724 738
267 724 725 726
267 724 725 738
267 724 725 1479
267 725 726 739
267 725 726 1397
267 726 728 739
268 712 714 738
268 714 723 724
268 714 723 737
268 714 723 738
268 714 724 738
268 723 724 738
268 723 724 1480
269 330 504 732
269 504 705 729
269 504 705 732
269 504 731 732
269 705 729 731
269 720 729 731
269 722 731 732
269 729 731 732
270 271 706 721
270 706 721 735
270 721 735 1476
271 706 707 721
271 706 721 730
271 721 730 1474
273 298 299 300
276 287 289 292
277 290 291 292
277 290 291 295
277 290 295 304
280 287 288 289
281 282 283 284
281 282 283 691
281 282 690 691
282 283 284 285
282 283 284 695
282 284 689 695
282 284 693 695
282 688 689 690
282 689 690 691
282 689 690 695
282 690 691 692
283 284 285 694
284 285 693 694
284 285 694 697
284 693 694 695
285 694 696 697
286 288 661 662
286 288 661 680
286 660 661 680
286 660 680 687
286 661 680 681
287 288 289 292
287 288 289 662
287 288 661 662
287 289 291 292
289 290 291 292
290 295 297 304
290 295 304 305
294 295 296 297
294 296 297 303
294 297 303 304
295 296 297 304
295 297 303 304
306 316 319 320
306 316 320 321
309 310 311 533
315 316 317 319
315 317 319 324
315 319 323 324
316 317 319 320
327 333 337 338
330 331 332 710
330 332 505 702
330 332 702 710
330 332 710 732
330 504 505 702
330 504 505 732
330 504 710 732
330 505 701 702
331 332 698 699
331 332 698 710
331 685 698 699
333 336 337 338
333 337 338 666
333 338 665 666
334 668 669 670
336 337 338 664
336 338 663 664
336 338 664 665
338 664 665 666
340 345 346 348
341 342 343 360
341 993 1426 1428
342 343 344 360
342 343 360 361
343 344 352 360
344 352 359 360
345 346 348 350
346 348 350 367
348 349 350 367
348 349 367 369
349 367 368 369
349 367 369 417
349 369 416 417
351 366 435 436
352 358 359 362
352 359 360 362
352 359 362 386
352 362 385 386
352 362 386 420
352 383 384 385
352 384 385 386
353 354 355 363
353 354 355 365
353 354 358 363
353 354 363 364
353 355 356 365
353 355 364 365
353 363 364 365
353 363 364 418
354 358 363 418
355 356 365 456
358 359 362 418
358 362 363 418
358 362 418 420
358 363 364 418
362 386 418 420
362 418 419 420
366 370 372 435
366 370 435 436
369 374 416 441
369 374 440 441
369 416 417 441
370 372 435 437
370 372 437 438
371 372 437 438
372 373 375 405
372 373 403 405
372 373 405 438
372 373 437 438
372 373 438 439
372 375 405 406
373 402 421 439
373 403 404 405
373 403 404 421
373 403 405 1419
373 404 414 421
373 404 421 439
373 421 438 439
374 425 440 441
375 405 406 1419
376 379 1034 1430
376 379 1409 1430
376 801 1409 1430
377 805 1411 1431
377 1036 1410 1431
377 1410 1411 1431
378 379 802 1034
378 379 1034 1430
378 802 1034 1038
379 1033 1034 1430
380 389 429 430
381 388 427 428
382 383 384 385
383 1041 1409 1432
387 424 426 1412
387 426 434 1412
387 426 1412 1436
387 808 1412 1436
387 1049 1436 1437
387 1412 1436 1437
388 389 427 428
388 389 427 429
388 424 425 428
388 425 427 428
388 425 428 442
389 427 429 430
389 429 430 1413
390 391 1433 1434
391 1047 1433 1434
392 396 1414 1438
392 396 1438 1441
392 1058 1414 1438
393 394 399 400
393 398 399 409
393 398 409 410
393 399 400 409
393 399 408 409
394 1060 1415 1439
395 396 1438 1441
395 396 1440 1441
395 397 398 410
395 1062 1440 1441
396 1063 1438 1441
397 398 409 410
397 398 410 422
397 410 413 422
398 409 410 411
399 408 409 411
402 421 432 439
403 405 406 1419
403 405 1417 1419
403 813 1417 1419
404 413 414 421
405 406 1073 1419
406 813 1073 1419
406 816 1073 1074
406 1073 1074 1419
407 408 411 1421
407 408 423 1421
407 408 814 1421
407 814 1076 1420
407 814 1079 1421
407 814 1420 1421
408 409 410 411
408 409 411 1421
408 411 1421 1443
411 1079 1421 1443
415 1072 1082 1418
415 1082 1090 1423
415 1082 1418 1423
424 426 1412 1435
424 1048 1412 1435
425 428 441 442
425 440 441 442
444 445 446 447
444 445 446 450
445 446 447 457
445 446 447 475
445 447 475 477
447 475 476 477
449 450 674 675
449 674 675 688
452 453 454 484
452 454 484 485
454 455 484 485
454 455 485 486
454 471 484 485
455 472 485 486
460 462 463 474
460 462 463 487
460 463 464 474
461 462 487 646
461 462 643 646
461 472 473 486
461 473 486 643
461 473 643 646
461 473 643 650
461 643 646 647
462 463 487 489
462 463 487 646
463 464 466 489
463 464 474 475
463 464 474 489
463 464 487 489
464 465 466 467
464 465 466 476
464 465 466 489
464 465 475 476
464 465 476 477
464 466 489 491
464 474 475 476
464 475 476 477
465 466 467 478
465 467 468 478
465 467 477 478
465 475 476 477
465 476 477 478
466 489 490 491
467 468 478 480
468 469 478 480
468 469 480 481
468 469 480 492
468 469 492 493
469 470 481 482
469 470 482 483
469 470 482 493
469 470 492 493
469 470 493 495
469 480 481 482
470 471 472 497
470 471 482 483
470 471 483 484
470 471 483 497
470 471 496 497
470 493 495 496
470 494 495 496
470 495 496 497
471 472 473 497
471 472 484 485
471 472 485 486
471 472 485 497
471 483 484 485
472 473 485 486
472 473 486 497
473 643 647 650
488 489 490 491
488 489 490 644
488 490 644 651
494 495 496 501
494 496 501 601
494 501 600 601
494 501 601 604
500 502 645 652
500 645 652 653
501 601 604 605
501 604 605 615
503 676 683 692
503 683 692 700
506 566 567 568
509 513 548 549
510 511 512 554
511 512 515 554
511 512 553 554
511 513 549 553
511 513 553 554
512 514 515 562
512 515 554 558
512 515 554 562
513 548 549 553
513 549 553 624
514 515 554 558
514 515 555 562
514 515 558 562
514 515 558 626
514 538 558 626
514 540 555 562
514 555 556 626
514 555 558 626
514 555 562 626
515 554 557 558
518 528 621 622
518 528 622 623
518 545 620 621
518 620 621 622
522 633 634 635
523 524 525 627
523 524 627 628
523 525 627 629
524 627 628 629
525 627 628 629
526 527 638 639
527 530 638 639
527 638 639 640
528 532 622 623
528 549 622 623
534 535 538 626
534 535 556 626
534 538 558 626
535 555 556 626
537 538 557 558
537 538 558 626
537 554 557 558
539 541 628 630
540 555 556 562
540 555 556 626
540 555 559 562
540 559 562 565
541 542 628 630
541 628 629 630
542 561 571 572
544 550 551 640
545 546 620 621
545 618 619 620
545 618 620 621
549 553 623 624
549 622 623 624
550 551 640 641
551 639 640 641
559 560 565 575
559 560 575 576
559 562 563 565
559 562 565 575
560 561 575 576
560 575 576 581
562 563 564 565
563 564 565 567
563 564 567 568
563 564 567 583
563 566 567 568
566 567 568 577
566 567 574 577
566 574 577 580
569 570 573 633
569 570 578 633
569 570 632 633
569 631 632 633
575 576 581 582
575 576 581 585
575 581 585 1447
576 581 582 1448
578 588 590 1454
578 588 1454 1456
578 590 1454 1455
579 580 588 591
579 580 591 1458
579 588 591 1456
580 591 1456 1458
580 591 1458 1459
580 1253 1458 1459
581 582 1447 1448
581 582 1448 1449
581 585 1447 1448
581 585 1447 1451
581 1245 1447 1448
582 589 1251 1449
582 589 1448 1449
582 1245 1448 1449
583 584 587 1450
583 584 587 1453
583 587 1450 1453
584 585 1447 1451
584 585 1450 1451
584 587 1450 1451
584 587 1450 1453
584 1246 1450 1451
585 1244 1447 1451
586 1248 1452 1453
586 1253 1452 1459
586 1452 1453 1459
587 1248 1450 1453
588 591 1454 1456
588 591 1456 1458
588 1249 1454 1456
589 590 1251 1457
589 590 1455 1457
589 1239 1251 1449
589 1251 1252 1457
589 1251 1449 1457
590 1250 1454 1455
590 1252 1455 1457
590 1454 1455 1457
591 1243 1456 1458
592 593 606 1462
592 606 614 1462
592 606 1460 1462
592 614 1462 1465
595 596 598 608
596 597 598 608
596 598 599 608
606 1271 1460 1461
606 1272 1460 1462
606 1460 1461 1462
607 608 609 1275
607 608 1273 1275
607 1271 1273 1461
607 1273 1274 1275
607 1273 1275 1461
608 609 1274 1275
609 886 1262 1274
609 886 1274 1275
609 886 1274 1276
609 886 1276 1463
609 1273 1274 1275
610 615 616 1463
610 616 1276 1463
610 616 1463 1466
610 886 1276 1463
611 612 613 1464
611 612 1277 1464
611 613 1277 1464
611 617 888 889
611 617 888 1466
611 888 889 1265
611 888 889 1277
611 889 1265 1277
611 889 1277 1464
612 613 1277 1464
613 614 882 1465
613 614 1462 1465
613 882 887 1465
613 882 1265 1277
613 882 1277 1464
613 882 1277 1465
614 1272 1462 1465
616 617 888 1466
616 617 1463 1466
616 1278 1463 1466
617 888 1278 1466
627 628 629 630
638 639 640 641
643 646 647 650
648 649 656 659
649 656 659 1317
650 656 657 1317
651 655 1467 1468
651 655 1468 1469
651 1319 1468 1469
654 655 1467 1468
655 1316 1467 1468
656 657 659 1317
656 657 1317 1318
656 659 1317 1321
657 1309 1317 1318
658 659 1321 1470
659 1310 1317 1321
659 1317 1321 1470
659 1321 1322 1470
660 680 687 696
661 680 681 696
666 668 669 670
672 673 686 711
674 675 688 690
675 676 683 692
675 676 690 692
675 688 689 690
675 688 690 692
675 690 691 692
680 681 687 696
708 709 717 735
708 717 734 1478
708 717 735 1478
708 722 733 734
708 733 734 1478
708 734 1477 1478
709 715 718 727
709 718 727 736
713 714 723 737
714 723 737 1482
716 719 728 739
716 719 728 1484
716 726 728 739
717 735 1475 1478
718 727 736 740
718 727 736 1483
718 736 740 1484
719 726 728 1484
719 728 740 1484
719 736 740 1484
720 721 730 1474
720 722 731 1472
720 729 730 731
720 729 730 1474
720 729 731 1472
720 730 1471 1474
720 731 1471 1472
720 1390 1471 1472
720 1393 1471 1474
720 1471 1472 1474
721 730 1473 1474
721 735 1473 1476
721 735 1475 1476
721 1392 1473 1474
721 1395 1473 1476
721 1473 1474 1476
722 731 732 733
722 731 732 1472
722 731 1472 1477
722 732 733 734
722 733 734 1477
722 734 1472 1477
722 734 1477 1478
722 1402 1472 1477
723 724 1479 1480
723 724 1480 1482
723 737 1480 1482
723 737 1481 1482
723 918 1480 1482
724 725 1397 1479
724 725 1479 1480
724 1396 1479 1480
725 726 1397 1400
725 726 1397 1479
725 1396 1397 1479
726 728 739 1484
726 728 1400 1484
726 920 1397 1400
726 1397 1400 1484
726 1400 1401 1484
727 736 1398 1483
734 1402 1477 1478
735 1394 1475 1478
735 1395 1475 1476
735 1475 1476 1478
736 740 1401 1484
736 916 1398 1401
736 1398 1399 1483
736 1398 1401 1483
736 1398 1401 1484
736 1400 1401 1484
737 1405 1481 1482
741 742 743 858
741 742 743 950
741 742 858 859
741 742 858 1213
741 743 949 950
741 743 950 951
741 858 859 922
741 858 859 1300
741 859 922 923
741 859 922 951
741 922 923 951
741 922 950 951
741 950 951 952
742 856 1191 1192
742 856 1192 1213
742 858 1192 1213
742 858 1213 1299
742 1192 1213 1298
743 757 949 950
743 795 949 1014
743 949 950 1014
744 752 925 926
744 829 924 1110
744 905 1337 1340
744 924 925 926
744 924 925 950
744 924 925 1110
744 924 1110 1337
744 925 926 1334
744 926 939 1334
744 926 1334 1340
744 1110 1337 1340
744 1110 1337 1353
744 1325 1334 1340
744 1334 1337 1340
745 748 932 940
745 751 929 942
745 755 927 928
745 927 928 929
745 928 929 942
745 928 929 946
745 929 941 942
745 932 940 941
745 938 940 941
745 939 941 942
745 940 941 942
746 775 777 978
746 775 978 986
746 776 777 978
747 907 935 1361
747 913 1360 1367
747 933 934 935
747 933 934 1354
747 933 934 1368
747 933 1367 1368
747 933 1368 1373
747 934 935 1357
747 934 935 1361
747 935 1360 1361
747 1359 1360 1361
747 1360 1361 1367
747 1360 1367 1368
747 1367 1368 1376
748 749 898 936
748 749 931 932
748 749 932 936
748 749 932 940
748 749 936 937
748 932 938 940
748 936 937 938
748 936 937 1323
748 937 938 940
748 937 938 1326
748 938 940 941
749 775 931 932
749 781 898 936
749 781 898 985
749 781 898 1324
749 781 931 985
749 781 985 987
749 898 936 1324
749 931 932 985
749 931 985 986
750 751 758 942
750 751 758 953
750 751 758 955
750 751 929 942
750 751 942 943
750 752 758 953
750 752 925 926
750 752 925 953
750 752 926 943
750 752 926 953
750 758 760 953
750 926 939 943
750 926 942 943
750 939 942 943
751 758 929 955
751 758 954 955
751 929 942 955
751 929 946 955
752 925 926 953
752 925 952 953
753 754 944 966
753 754 945 947
753 754 945 956
753 754 945 966
753 754 957 966
753 755 944 947
753 768 944 966
753 944 945 947
753 944 947 966
753 945 947 948
754 761 956 957
754 945 956 957
754 945 956 958
754 956 957 966
754 957 966 973
755 756 769 944
755 756 927 928
755 756 927 930
755 756 927 944
755 756 944 947
755 927 928 946
755 928 929 946
755 928 946 947
755 944 946 947
755 946 947 948
756 768 769 944
757 795 949 950
757 795 949 1014
757 829 830 924
757 830 924 950
757 924 925 950
757 924 949 950
758 759 760 954
758 760 952 953
758 760 953 954
758 760 954 955
758 948 954 955
759 760 923 951
759 760 945 954
759 760 951 952
759 760 951 954
759 922 923 951
759 923 951 959
759 923 958 959
759 923 959 1193
759 945 948 954
759 945 954 958
759 945 956 958
759 945 958 959
759 958 959 1181
760 925 952 953
760 950 951 952
760 951 952 953
761 762 956 957
761 762 956 1181
761 762 957 973
761 762 957 1181
761 762 1181 1196
761 956 957 1181
761 956 958 1181
762 772 970 973
762 857 1181 1196
762 957 966 973
762 957 970 973
762 970 973 1196
762 970 1181 1196
762 970 1196 1197
763 862 960 962
763 862 960 1199
763 862 960 1202
763 862 1202 1203
763 960 961 962
763 960 962 977
764 765 766 980
764 765 776 980
764 765 963 964
764 765 964 965
764 765 964 980
764 766 965 975
764 766 974 975
764 766 975 980
764 766 980 981
764 767 964 965
764 964 965 975
764 965 975 976
765 770 963 964
765 776 777 963
765 776 963 964
765 776 963 980
766 773 974 975
766 773 974 981
766 974 975 981
766 974 980 981
767 768 769 770
767 768 769 944
767 768 769 967
767 768 965 967
767 768 966 967
767 769 770 964
767 770 963 964
767 770 964 965
767 964 965 967
767 965 967 972
768 769 944 966
768 944 966 967
768 966 967 972
771 772 971 972
771 772 971 973
771 965 972 976
771 966 971 972
771 971 972 976
771 972 976 977
772 966 971 973
772 969 970 973
772 969 970 1197
772 970 971 973
773 974 975 981
775 931 932 986
775 931 978 986
775 931 985 986
775 978 979 986
776 777 963 978
778 779 1169 1377
778 779 1345 1366
778 779 1365 1366
778 779 1366 1377
778 779 1369 1377
778 900 983 1343
778 903 1345 1366
778 910 1369 1377
778 982 983 1369
778 983 1343 1345
778 983 1343 1369
778 983 1369 1377
778 1330 1343 1345
778 1343 1345 1366
779 908 1169 1365
779 1169 1365 1366
779 1169 1365 1377
779 1169 1372 1377
779 1349 1365 1366
780 899 1332 1333
780 901 1329 1332
780 984 987 1329
780 984 1329 1332
780 1329 1332 1333
781 898 936 1324
781 898 1324 1336
781 985 986 987
781 985 987 1327
781 987 1327 1328
781 1324 1336 1352
782 783 789 988
782 783 789 994
782 783 789 1002
782 783 988 989
782 783 988 990
782 789 991 994
782 789 994 1003
782 988 989 990
782 988 989 993
782 989 991 993
782 989 993 1428
782 991 992 993
782 991 993 994
782 991 994 1012
783 789 790 1002
783 789 1000 1002
783 988 989 990
783 988 990 1000
783 990 998 1000
783 990 1000 1002
783 1000 1002 1085
784 785 786 1183
784 785 852 1183
784 785 995 996
784 785 996 997
784 785 996 1183
784 786 792 794
784 786 794 997
784 786 794 1183
784 787 996 997
784 788 794 997
784 794 996 997
785 851 852 893
785 851 852 995
785 851 852 1183
785 851 990 995
785 851 995 996
785 852 1183 1184
785 995 996 998
786 792 794 1009
786 792 794 1021
786 792 1007 1009
787 788 794 997
787 788 996 997
787 788 997 1001
787 788 999 1001
787 788 1001 1023
787 996 997 999
787 996 998 999
787 996 999 1001
787 999 1001 1022
788 792 794 1021
788 794 997 1021
788 794 1021 1023
788 798 1021 1023
788 1001 1021 1023
788 1001 1023 1101
789 790 791 1002
789 790 791 1003
789 790 791 1406
789 790 1002 1085
789 791 994 1003
789 994 1003 1012
790 791 1406 1407
790 1000 1002 1085
792 793 794 1021
792 793 1004 1007
792 793 1007 1009
792 793 1007 1021
792 793 1020 1021
792 834 1007 1009
793 798 1020 1021
793 1004 1005 1006
793 1004 1006 1007
793 1004 1006 1020
793 1004 1007 1008
793 1006 1019 1020
793 1006 1020 1021
795 796 1005 1011
795 796 1011 1014
795 949 1011 1014
795 1010 1011 1014
796 1004 1005 1006
796 1004 1005 1008
796 1004 1005 1011
796 1004 1007 1008
796 1005 1011 1018
797 799 1017 1018
797 799 1018 1019
797 799 1018 1408
797 799 1088 1408
797 799 1408 1429
797 1003 1015 1016
797 1011 1016 1017
797 1011 1017 1018
797 1015 1016 1017
797 1015 1016 1429
797 1015 1407 1429
797 1015 1408 1429
797 1016 1017 1018
798 799 1019 1027
798 826 1027 1104
798 1006 1019 1020
798 1019 1020 1021
798 1019 1020 1027
798 1019 1027 1104
798 1020 1021 1023
798 1021 1023 1104
798 1023 1027 1104
798 1023 1102 1104
799 819 1019 1027
799 819 1027 1088
799 819 1027 1105
799 819 1088 1408
799 819 1088 1424
799 1006 1018 1019
799 1018 1019 1027
799 1088 1408 1424
800 821 1091 1107
800 1025 1029 1103
800 1029 1031 1080
800 1029 1076 1080
800 1029 1080 1103
800 1029 1103 1107
800 1075 1076 1091
800 1076 1080 1081
800 1076 1080 1091
800 1076 1091 1107
800 1091 1103 1107
800 1103 1107 1109
801 1033 1045 1430
801 1041 1043 1045
801 1041 1045 1409
801 1041 1045 1430
801 1041 1409 1430
801 1041 1409 1432
801 1045 1409 1430
802 803 1034 1038
802 1034 1037 1038
802 1037 1038 1096
802 1037 1038 1410
802 1037 1039 1410
803 804 827 1096
803 804 1033 1034
803 804 1033 1046
803 804 1033 1096
803 804 1038 1096
803 1033 1034 1038
803 1033 1034 1430
803 1034 1038 1096
803 1037 1038 1096
804 819 820 1046
804 819 827 1046
804 819 827 1096
804 819 827 1105
804 819 1033 1046
804 827 1096 1097
804 1033 1045 1046
805 806 1036 1042
805 806 1041 1042
805 806 1041 1043
805 806 1042 1086
805 1035 1036 1042
805 1036 1042 1431
805 1036 1410 1431
805 1036 1411 1431
806 1041 1043 1045
806 1041 1043 1086
806 1042 1043 1086
806 1042 1084 1086
806 1043 1044 1086
807 809 1047 1057
807 824 1056 1057
807 1047 1056 1057
807 1047 1057 1433
807 1047 1433 1434
807 1054 1055 1056
807 1055 1056 1057
808 1048 1050 1051
808 1048 1051 1052
808 1048 1051 1412
808 1048 1412 1435
808 1048 1412 1436
808 1049 1050 1436
808 1050 1051 1099
808 1050 1051 1436
808 1050 1412 1436
809 825 1047 1057
809 825 1050 1100
809 825 1057 1097
809 825 1057 1100
809 825 1098 1100
809 1047 1049 1050
809 1047 1049 1057
809 1047 1049 1434
809 1049 1050 1100
809 1049 1050 1436
809 1050 1099 1100
810 823 1052 1054
810 1048 1051 1052
810 1048 1052 1054
810 1048 1052 1435
810 1048 1412 1435
810 1048 1413 1435
810 1052 1054 1055
810 1054 1055 1056
810 1054 1055 1413
810 1055 1413 1435
811 821 1059 1077
811 821 1061 1065
811 821 1065 1077
811 821 1065 1093
811 821 1075 1077
811 822 1061 1065
811 1059 1060 1061
811 1059 1060 1077
811 1059 1060 1415
811 1059 1077 1078
811 1060 1061 1065
811 1060 1061 1439
812 1060 1061 1439
812 1061 1066 1067
812 1061 1066 1068
812 1061 1066 1439
812 1061 1416 1439
812 1066 1067 1068
812 1066 1067 1416
812 1067 1416 1439
812 1067 1416 1442
813 1028 1070 1072
813 1032 1070 1071
813 1032 1071 1073
813 1070 1071 1072
813 1070 1071 1073
813 1070 1072 1418
813 1071 1073 1419
813 1072 1082 1418
813 1072 1417 1418
813 1073 1417 1419
813 1417 1418 1419
814 1075 1076 1079
814 1075 1076 1091
814 1075 1076 1420
814 1075 1077 1079
814 1075 1079 1421
814 1076 1081 1420
814 1079 1421 1443
815 816 1030 1031
815 816 1031 1074
815 816 1031 1080
815 816 1073 1074
815 1029 1031 1080
815 1031 1080 1081
815 1076 1080 1081
816 1029 1030 1031
816 1030 1031 1102
816 1030 1032 1102
816 1030 1101 1102
816 1032 1071 1073
816 1032 1073 1074
816 1032 1073 1102
816 1032 1102 1104
817 1064 1078 1090
817 1077 1078 1079
817 1078 1079 1090
817 1078 1079 1443
817 1078 1090 1422
817 1079 1421 1443
817 1079 1422 1443
817 1090 1422 1423
817 1090 1422 1443
818 1026 1083 1109
818 1035 1040 1094
818 1040 1042 1084
818 1040 1083 1084
818 1040 1084 1094
818 1040 1094 1108
818 1053 1094 1108
818 1083 1084 1085
818 1083 1084 1109
818 1083 1108 1109
818 1094 1108 1109
818 1107 1108 1109
819 820 1046 1424
819 820 1088 1424
819 820 1407 1424
819 826 1027 1105
819 827 1027 1105
819 827 1097 1105
819 1088 1408 1424
821 822 1065 1093
821 1065 1093 1107
821 1075 1076 1091
821 1075 1077 1079
821 1075 1077 1091
821 1075 1091 1107
821 1091 1093 1107
821 1093 1107 1108
822 1051 1092 1099
822 1053 1092 1093
822 1061 1065 1068
822 1061 1065 1093
822 1061 1066 1068
822 1061 1068 1099
822 1065 1092 1093
822 1068 1092 1099
822 1068 1098 1099
822 1092 1093 1099
823 824 1056 1095
823 1052 1053 1054
823 1052 1053 1092
823 1052 1053 1095
823 1052 1054 1056
823 1053 1056 1095
823 1053 1094 1095
823 1054 1055 1056
823 1054 1056 1095
824 825 1057 1097
824 827 1096 1097
824 1037 1038 1096
824 1037 1039 1095
824 1037 1056 1095
824 1037 1095 1096
824 1037 1096 1097
824 1056 1057 1095
824 1056 1057 1097
824 1057 1096 1097
825 828 1057 1097
825 828 1097 1098
825 828 1097 1105
825 828 1098 1100
825 828 1098 1106
825 1098 1099 1100
826 828 1028 1105
826 1027 1028 1105
826 1027 1070 1104
826 1027 1104 1105
826 1028 1070 1072
826 1028 1070 1104
826 1028 1070 1105
826 1032 1070 1104
827 828 1097 1105
827 1096 1097 1105
828 1028 1089 1106
828 1028 1097 1105
828 1028 1098 1106
828 1028 1105 1106
829 830 924 1110
829 830 924 1111
829 830 1111 1113
829 830 1111 1123
829 832 1110 1113
829 924 1110 1113
829 1110 1111 1113
829 1111 1112 1113
830 1111 1115 1123
831 832 904 1353
831 832 1110 1353
831 832 1113 1118
831 832 1116 1118
831 832 1118 1353
831 839 1116 1118
831 904 906 1353
831 904 1116 1338
831 904 1338 1339
831 904 1338 1353
831 1116 1117 1338
831 1116 1118 1338
832 1110 1113 1118
832 1110 1113 1353
832 1110 1337 1353
832 1112 1113 1118
833 834 835 1009
833 834 835 1121
833 834 835 1124
833 834 1115 1124
833 834 1124 1125
833 835 1119 1121
833 835 1121 1125
833 1121 1124 1125
833 1121 1125 1148
833 1124 1125 1144
834 835 1007 1009
834 1004 1007 1008
834 1007 1008 1009
834 1007 1008 1123
834 1008 1115 1123
834 1111 1115 1123
834 1115 1123 1124
834 1115 1124 1144
835 1119 1120 1347
835 1119 1121 1149
835 1119 1121 1347
836 842 1132 1133
836 1114 1143 1145
836 1131 1132 1142
836 1132 1133 1142
836 1132 1133 1145
836 1132 1142 1143
836 1133 1134 1145
836 1133 1143 1145
836 1141 1142 1143
836 1142 1143 1145
837 881 1157 1159
837 1125 1147 1148
837 1133 1134 1135
837 1134 1135 1146
837 1134 1135 1157
837 1134 1145 1146
837 1134 1146 1147
837 1135 1157 1159
837 1135 1157 1260
837 1136 1147 1148
837 1136 1148 1150
837 1136 1148 1161
837 1136 1159 1161
837 1136 1160 1161
837 1144 1146 1147
837 1146 1147 1148
837 1157 1159 1161
837 1159 1161 1166
838 839 1112 1118
838 839 1116 1118
838 839 1118 1126
838 839 1126 1138
838 839 1126 1139
838 1112 1113 1118
838 1112 1118 1140
838 1112 1139 1140
838 1112 1140 1141
838 1126 1129 1139
838 1126 1139 1140
838 1130 1139 1140
839 1126 1127 1138
840 1119 1120 1149
840 1120 1122 1149
840 1120 1122 1151
840 1120 1122 1346
840 1120 1149 1150
840 1122 1138 1151
840 1122 1151 1160
840 1136 1150 1160
840 1137 1151 1160
840 1148 1149 1150
840 1149 1150 1160
840 1150 1151 1160
841 842 1131 1132
841 842 1132 1133
841 842 1132 1254
841 842 1156 1254
841 842 1254 1258
841 883 1156 1254
841 1131 1132 1142
841 1131 1132 1156
841 1131 1155 1156
841 1131 1156 1254
842 880 1254 1258
842 880 1258 1259
842 1254 1256 1258
843 1128 1137 1304
843 1136 1160 1161
843 1137 1151 1160
843 1137 1160 1161
843 1137 1160 1304
843 1137 1302 1304
843 1160 1161 1302
843 1161 1302 1303
843 1161 1302 1304
843 1302 1304 1311
844 908 1168 1364
844 908 1169 1364
844 908 1169 1365
844 908 1169 1372
844 908 1347 1364
844 1168 1363 1364
844 1168 1364 1370
844 1168 1370 1372
844 1169 1370 1372
844 1169 1372 1377
844 1370 1371 1372
845 876 1171 1226
845 876 1226 1227
845 1170 1171 1226
845 1171 1172 1173
845 1171 1173 1226
846 847 848 1172
846 848 1172 1174
846 848 1172 1207
846 848 1174 1175
846 848 1174 1209
846 866 1174 1209
846 866 1207 1214
846 866 1208 1209
846 866 1209 1214
846 866 1214 1299
846 1172 1173 1207
846 1172 1207 1214
846 1174 1175 1209
847 848 1170 1176
847 848 1171 1172
847 848 1172 1176
847 848 1176 1177
847 849 1170 1176
847 1170 1171 1172
847 1170 1171 1176
847 1170 1171 1226
847 1171 1172 1173
848 1174 1175 1177
848 1174 1175 1209
848 1175 1176 1177
848 1175 1177 1212
848 1176 1177 1216
849 870 871 1170
849 871 1170 1176
849 871 1170 1224
849 871 1178 1224
849 871 1224 1225
849 1170 1176 1178
849 1176 1178 1217
849 1176 1178 1224
849 1178 1221 1224
850 860 960 1199
850 860 1179 1180
850 860 1180 1199
850 860 1180 1331
850 860 1199 1200
850 862 960 1199
850 960 961 962
850 960 961 1199
851 852 853 893
851 852 893 894
851 853 893 1294
851 990 995 998
852 854 1183 1184
852 893 894 1184
852 893 894 1292
852 894 1183 1184
852 894 1184 1291
853 893 1293 1294
853 893 1294 1295
853 1190 1295 1425
853 1294 1295 1425
854 1183 1184 1185
854 1184 1185 1189
854 1184 1185 1291
854 1185 1189 1289
854 1185 1189 1348
854 1188 1189 1348
855 856 1190 1191
855 856 1191 1192
855 1190 1191 1296
855 1190 1191 1425
855 1190 1295 1425
855 1190 1425 1426
856 1191 1192 1298
857 959 1181 1182
857 1181 1182 1194
857 1181 1182 1196
857 1181 1196 1283
857 1182 1193 1194
857 1182 1194 1280
857 1193 1194 1280
857 1194 1280 1282
857 1196 1197 1283
857 1196 1282 1283
857 1210 1280 1282
857 1212 1282 1283
857 1280 1282 1283
858 859 1281 1300
858 859 1299 1300
858 866 1299 1300
858 1213 1214 1299
858 1213 1299 1300
859 922 923 951
859 922 923 1195
859 923 1193 1195
859 923 1195 1281
859 1193 1195 1281
859 1195 1281 1300
859 1208 1281 1300
860 861 892 1179
860 868 892 1200
860 892 1179 1180
860 892 1179 1200
860 892 1199 1200
860 1199 1200 1201
861 868 892 1288
861 892 1179 1288
861 892 1179 1344
861 892 1187 1288
861 903 1186 1344
861 1179 1186 1344
861 1179 1330 1344
861 1186 1187 1288
861 1186 1187 1344
861 1186 1187 1348
861 1187 1204 1288
862 891 1202 1203
862 960 1199 1201
862 1199 1200 1201
862 1199 1201 1203
862 1201 1202 1203
862 1201 1203 1287
863 864 874 1206
863 864 1204 1206
863 864 1204 1289
863 864 1206 1289
863 864 1289 1290
863 1188 1204 1289
863 1204 1206 1223
863 1204 1206 1289
864 873 874 875
864 873 874 1206
864 873 874 1230
864 873 875 1228
864 873 875 1290
864 874 1206 1229
864 875 1289 1290
864 875 1290 1291
864 1185 1289 1290
865 1172 1173 1207
865 1191 1296 1297
866 1208 1209 1210
866 1208 1209 1300
866 1208 1281 1300
866 1208 1299 1300
866 1213 1214 1299
866 1214 1299 1300
867 890 891 1286
867 890 1198 1285
867 890 1217 1286
867 890 1284 1285
867 890 1285 1286
867 1176 1216 1217
867 1177 1215 1216
867 1197 1284 1285
867 1212 1215 1284
867 1215 1216 1217
867 1215 1216 1284
867 1215 1284 1285
867 1216 1217 1286
867 1217 1286 1287
868 892 1200 1220
868 892 1200 1288
868 892 1204 1288
868 1187 1204 1288
868 1200 1205 1220
868 1200 1218 1220
868 1204 1205 1220
868 1204 1205 1223
868 1204 1205 1288
868 1205 1219 1220
869 871 1224 1225
869 1178 1221 1224
869 1205 1219 1220
869 1205 1219 1221
869 1205 1219 1222
869 1205 1222 1223
869 1205 1222 1225
869 1218 1219 1221
869 1219 1221 1224
869 1221 1224 1225
869 1222 1224 1225
869 1222 1225 1234
870 871 1170 1225
870 871 1170 1226
870 871 1224 1225
870 871 1225 1235
870 876 1226 1227
870 1170 1171 1226
870 1170 1226 1227
870 1225 1235 1237
870 1226 1227 1237
870 1227 1235 1237
870 1227 1236 1237
870 1235 1237 1246
872 876 1231 1232
872 876 1231 1293
872 1231 1238 1293
873 874 1228 1230
873 874 1229 1230
873 875 1228 1230
873 875 1228 1291
873 878 1228 1230
874 878 1229 1230
874 1206 1223 1229
874 1206 1229 1230
875 1185 1290 1291
875 1228 1290 1291
875 1228 1291 1292
876 1226 1227 1232
876 1227 1231 1232
876 1227 1232 1236
876 1231 1232 1242
877 878 1229 1239
877 1206 1223 1229
877 1223 1229 1233
877 1223 1229 1239
877 1223 1233 1234
877 1223 1233 1239
877 1229 1233 1239
877 1233 1239 1244
878 1228 1229 1230
878 1229 1230 1239
878 1229 1239 1240
878 1239 1240 1251
879 1223 1233 1234
879 1233 1234 1244
879 1233 1239 1244
879 1233 1244 1451
879 1244 1447 1451
880 881 1260 1261
880 885 1258 1259
880 1258 1259 1261
880 1259 1260 1261
880 1259 1261 1274
881 886 1262 1263
881 1135 1157 1260
881 1157 1158 1159
881 1157 1159 1260
881 1157 1260 1261
881 1158 1159 1166
881 1158 1159 1263
881 1158 1262 1263
881 1158 1263 1264
881 1260 1261 1262
881 1261 1262 1263
881 1261 1262 1274
882 883 1163 1266
882 887 1163 1266
882 887 1257 1266
882 887 1257 1465
882 887 1266 1465
882 889 1265 1277
882 895 1163 1164
882 1163 1164 1265
882 1163 1164 1266
882 1164 1165 1265
882 1164 1265 1277
883 887 1257 1266
883 1131 1155 1156
883 1155 1156 1163
883 1155 1156 1254
883 1155 1163 1266
883 1155 1163 1305
883 1156 1254 1255
883 1163 1257 1266
883 1254 1255 1256
883 1254 1255 1257
883 1255 1257 1266
883 1255 1257 1270
884 888 889 1265
884 888 1167 1265
884 888 1265 1268
884 888 1267 1268
884 888 1268 1269
884 1165 1167 1265
884 1166 1167 1267
884 1167 1265 1267
884 1167 1267 1268
884 1267 1268 1269
885 1254 1256 1258
885 1255 1256 1270
885 1256 1258 1259
885 1256 1258 1270
885 1256 1270 1271
885 1258 1259 1274
885 1259 1261 1274
885 1259 1273 1274
885 1270 1271 1273
885 1270 1271 1460
885 1271 1273 1274
885 1271 1273 1461
885 1273 1274 1275
886 1261 1262 1274
886 1262 1263 1274
886 1262 1263 1278
886 1263 1264 1278
886 1263 1278 1463
886 1276 1278 1463
886 1278 1463 1466
887 1257 1266 1465
887 1257 1272 1465
888 889 1265 1277
888 1264 1269 1278
888 1267 1268 1269
888 1268 1269 1278
888 1269 1278 1466
888 1278 1463 1466
890 891 968 1198
890 891 968 1202
890 891 968 1286
890 891 1203 1286
890 968 969 1198
890 968 1198 1285
890 1197 1198 1285
891 968 1202 1203
891 1202 1203 1286
891 1203 1286 1287
893 894 1291 1292
893 894 1292 1293
893 1238 1292 1293
893 1292 1293 1294
894 1184 1185 1291
894 1184 1291 1292
894 1228 1291 1292
895 897 1162 1313
895 897 1163 1305
895 897 1305 1312
895 897 1305 1313
895 897 1313 1320
895 1155 1163 1305
895 1162 1164 1165
895 1162 1165 1167
895 1162 1165 1313
895 1162 1306 1313
895 1163 1164 1165
895 1163 1164 1305
895 1164 1165 1265
896 1127 1152 1154
896 1152 1153 1154
896 1152 1154 1315
896 1152 1308 1315
896 1152 1311 1315
896 1153 1154 1155
896 1153 1154 1308
896 1153 1308 1312
896 1153 1308 1315
896 1308 1315 1316
897 1153 1305 1312
897 1305 1312 1319
897 1312 1316 1319
897 1312 1319 1320
897 1313 1319 1320
897 1313 1320 1322
897 1319 1320 1469
898 936 1324 1342
899 900 1332 1343
899 1330 1332 1343
899 1330 1343 1345
899 1331 1332 1333
899 1332 1333 1343
900 901 983 1362
900 901 1329 1332
900 901 1332 1343
900 901 1332 1362
900 901 1351 1362
900 982 983 1362
900 983 1332 1343
900 983 1343 1362
901 914 1350 1351
901 982 1351 1362
901 987 1328 1329
901 1328 1329 1332
901 1328 1329 1335
901 1328 1335 1350
901 1335 1350 1351
901 1350 1351 1362
902 908 1347 1364
902 1119 1120 1347
902 1120 1122 1346
902 1120 1346 1347
902 1120 1346 1363
902 1120 1347 1364
902 1168 1363 1364
902 1339 1346 1363
902 1346 1363 1364
902 1347 1363 1364
903 909 1348 1349
903 1186 1187 1348
903 1186 1344 1345
903 1186 1344 1348
903 1186 1348 1349
903 1330 1344 1345
903 1344 1345 1366
903 1345 1349 1366
903 1348 1349 1366
903 1349 1365 1366
904 905 906 1358
904 906 1337 1353
904 906 1353 1358
904 906 1354 1358
904 934 1354 1358
904 1117 1338 1339
904 1338 1339 1355
904 1339 1354 1355
904 1339 1355 1363
904 1354 1355 1358
905 906 1337 1340
905 906 1337 1353
905 906 1337 1358
905 906 1356 1358
905 1337 1340 1356
905 1340 1341 1356
905 1340 1356 1358
905 1356 1357 1358
906 1110 1337 1353
907 934 935 1357
907 935 1323 1361
907 935 1341 1357
907 935 1357 1361
907 937 1323 1326
907 939 1325 1326
907 1323 1325 1326
907 1323 1326 1361
907 1323 1359 1361
907 1325 1326 1341
907 1325 1340 1341
907 1325 1341 1357
907 1341 1356 1357
908 909 1169 1365
908 909 1347 1364
908 909 1347 1365
908 909 1349 1365
909 1348 1349 1365
909 1349 1365 1366
910 911 915 1379
910 911 921 1375
910 911 921 1379
910 911 921 1381
910 911 1377 1379
910 921 982 1381
910 921 1381 1382
910 982 983 1369
910 982 1369 1377
910 982 1369 1381
910 982 1381 1383
910 1369 1377 1379
910 1377 1378 1379
911 915 1375 1403
911 915 1379 1388
911 915 1379 1403
911 915 1394 1403
911 921 1375 1403
911 921 1375 1481
911 1375 1384 1403
912 913 916 1389
912 913 1336 1352
912 913 1352 1360
912 913 1352 1389
912 913 1380 1389
912 1324 1336 1352
912 1336 1352 1380
912 1336 1380 1389
913 916 920 1389
913 916 1360 1367
913 916 1367 1385
913 916 1367 1389
913 1352 1359 1360
913 1352 1360 1367
914 982 1350 1351
914 982 1351 1362
914 982 1351 1383
914 982 1380 1383
914 982 1381 1383
914 1350 1351 1380
914 1350 1380 1383
915 1379 1386 1388
915 1379 1388 1402
915 1386 1388 1402
915 1388 1394 1402
915 1394 1395 1403
915 1394 1402 1403
915 1394 1402 1478
916 920 1389 1401
916 920 1398 1401
916 920 1400 1401
916 1367 1376 1385
916 1367 1385 1398
916 1384 1385 1398
916 1385 1398 1401
917 919 1371 1372
917 919 1371 1387
917 919 1371 1390
917 919 1390 1391
917 919 1390 1471
917 1371 1387 1393
917 1387 1392 1393
917 1387 1393 1471
917 1390 1393 1471
917 1390 1471 1472
917 1393 1471 1474
918 921 1382 1405
918 1382 1405 1482
918 1396 1479 1480
918 1396 1480 1482
918 1405 1480 1482
918 1405 1481 1482
919 1370 1371 1372
919 1371 1372 1378
919 1372 1377 1378
919 1372 1378 1386
919 1378 1379 1386
919 1378 1386 1391
919 1386 1390 1391
919 1386 1391 1402
919 1390 1391 1472
920 1396 1397 1400
920 1396 1397 1479
920 1397 1400 1401
920 1400 1401 1484
921 1375 1399 1481
921 1375 1405 1481
921 1381 1382 1383
921 1381 1382 1405
921 1382 1405 1481
921 1405 1481 1482
923 959 1182 1193
923 959 1193 1195
923 1193 1195 1281
924 925 950 952
925 950 951 952
925 950 952 953
926 939 942 943
926 939 943 1334
926 939 1325 1334
928 929 946 955
929 946 948 955
931 985 986 987
933 934 1354 1358
933 1368 1373 1376
934 935 1357 1358
934 1354 1357 1358
934 1356 1357 1358
936 937 1323 1326
936 937 1323 1342
936 1323 1324 1342
936 1323 1342 1359
936 1324 1342 1359
937 938 939 1326
937 938 1323 1326
938 939 940 941
938 939 941 942
938 939 941 1326
938 939 1325 1326
939 941 942 943
939 1325 1326 1334
939 1325 1334 1340
945 946 947 948
945 947 948 954
945 948 954 955
945 956 958 1181
946 947 948 955
946 948 954 955
956 958 959 1181
957 966 971 973
958 959 1181 1182
959 1181 1182 1193
959 1182 1193 1194
965 966 967 972
965 967 972 976
965 972 975 976
966 967 971 972
966 971 972 973
968 969 1197 1198
969 970 1196 1197
969 970 1197 1198
969 1197 1198 1285
970 1196 1197 1283
978 979 984 986
979 984 986 987
982 983 1351 1362
982 983 1362 1369
982 1381 1382 1383
984 985 986 987
984 986 987 1329
984 987 1328 1329
987 1327 1328 1329
989 993 1426 1428
989 993 1427 1428
990 995 996 998
990 995 998 1000
990 998 1000 1024
991 992 993 1012
991 992 994 1012
991 992 1012 1014
991 994 1003 1012
992 1010 1012 1014
994 1003 1012 1013
995 996 998 999
996 998 999 1024
998 999 1000 1024
998 999 1022 1024
998 1000 1024 1085
999 1001 1022 1024
999 1001 1022 1101
999 1022 1024 1025
1000 1002 1024 1085
1000 1024 1083 1085
1001 1022 1023 1101
1001 1022 1025 1101
1001 1023 1101 1102
1003 1010 1012 1013
1003 1010 1013 1016
1003 1012 1013 1016
1003 1013 1015 1016
1004 1005 1006 1018
1005 1006 1011 1018
1005 1006 1018 1019
1005 1011 1017 1018
1006 1018 1019 1020
1010 1011 1012 1014
1010 1011 1013 1016
1010 1011 1014 1016
1010 1011 1016 1017
1010 1012 1013 1014
1010 1012 1013 1016
1011 1016 1017 1018
1022 1024 1025 1083
1022 1024 1025 1101
1022 1025 1029 1101
1023 1030 1101 1102
1023 1032 1102 1104
1023 1101 1102 1104
1024 1025 1026 1083
1024 1025 1083 1085
1024 1083 1084 1085
1025 1026 1029 1103
1025 1026 1083 1103
1025 1026 1083 1109
1025 1026 1103 1109
1025 1029 1030 1101
1025 1029 1101 1103
1026 1083 1103 1109
1026 1103 1107 1109
1028 1070 1072 1089
1028 1072 1082 1089
1028 1072 1089 1106
1028 1082 1089 1106
1029 1030 1031 1080
1029 1030 1031 1101
1029 1030 1101 1102
1032 1070 1071 1073
1032 1070 1071 1104
1032 1070 1102 1104
1033 1034 1045 1430
1033 1044 1045 1046
1033 1045 1046 1430
1035 1036 1039 1410
1035 1036 1040 1042
1035 1036 1042 1410
1035 1036 1410 1431
1035 1037 1039 1410
1035 1039 1040 1094
1035 1039 1094 1095
1035 1039 1094 1410
1035 1040 1042 1084
1035 1040 1042 1094
1037 1039 1094 1095
1037 1039 1095 1410
1039 1053 1094 1095
1040 1042 1084 1086
1041 1043 1044 1045
1042 1084 1086 1087
1043 1044 1045 1046
1043 1044 1045 1086
1047 1049 1433 1434
1047 1049 1434 1437
1048 1051 1052 1092
1049 1050 1436 1437
1049 1434 1436 1437
1050 1051 1092 1099
1050 1051 1099 1100
1050 1098 1099 1100
1051 1052 1053 1092
1051 1052 1092 1099
1052 1053 1092 1093
1053 1092 1093 1108
1053 1093 1094 1108
1053 1093 1107 1108
1053 1094 1095 1108
1058 1063 1414 1438
1058 1063 1438 1441
1058 1068 1069 1414
1058 1069 1414 1438
1059 1060 1415 1439
1059 1060 1415 1440
1059 1062 1064 1078
1059 1062 1064 1106
1059 1062 1064 1440
1059 1062 1415 1440
1059 1062 1440 1441
1059 1064 1077 1078
1059 1064 1078 1090
1059 1077 1078 1079
1060 1061 1415 1439
1061 1066 1067 1068
1062 1063 1438 1441
1062 1063 1440 1441
1062 1064 1090 1106
1064 1078 1090 1106
1064 1082 1090 1106
1066 1067 1068 1442
1067 1068 1414 1442
1067 1068 1416 1442
1068 1069 1098 1099
1068 1069 1098 1414
1068 1069 1414 1442
1068 1098 1099 1100
1072 1082 1089 1106
1072 1082 1089 1418
1075 1077 1078 1079
1076 1080 1081 1420
1076 1081 1420 1444
1081 1420 1444 1445
1082 1089 1090 1106
1082 1090 1106 1423
1082 1090 1422 1423
1083 1084 1085 1446
1084 1085 1087 1446
1084 1086 1087 1446
1084 1087 1407 1446
1093 1107 1108 1109
1103 1107 1108 1109
1111 1112 1113 1118
1111 1112 1113 1141
1111 1112 1114 1141
1111 1112 1140 1141
1111 1114 1115 1123
1111 1114 1115 1141
1111 1114 1115 1144
1111 1114 1141 1143
1112 1140 1141 1142
1114 1115 1124 1144
1114 1115 1144 1145
1114 1141 1142 1143
1114 1141 1143 1145
1114 1143 1144 1145
1114 1144 1145 1146
1115 1124 1125 1144
1116 1117 1338 1339
1117 1120 1122 1346
1117 1122 1339 1346
1117 1338 1339 1346
1117 1339 1346 1363
1119 1120 1121 1149
1119 1120 1149 1347
1119 1121 1148 1149
1121 1125 1147 1148
1121 1125 1148 1149
1121 1148 1149 1150
1122 1128 1138 1151
1124 1125 1144 1147
1125 1144 1146 1147
1125 1144 1147 1148
1126 1127 1128 1138
1126 1127 1129 1138
1126 1127 1129 1139
1126 1127 1129 1154
1126 1129 1130 1139
1127 1128 1138 1151
1127 1128 1138 1152
1127 1128 1152 1154
1127 1128 1152 1301
1127 1129 1152 1154
1127 1129 1154 1155
1128 1137 1138 1151
1128 1137 1151 1160
1128 1137 1151 1304
1128 1137 1301 1304
1128 1152 1301 1304
1128 1152 1301 1311
1128 1301 1304 1311
1129 1130 1131 1155
1129 1130 1139 1140
1129 1130 1139 1155
1129 1130 1154 1155
1129 1153 1154 1155
1130 1131 1132 1142
1130 1131 1140 1142
1130 1131 1142 1155
1130 1131 1155 1156
1130 1139 1140 1142
1130 1140 1141 1142
1133 1134 1135 1145
1133 1134 1145 1146
1134 1144 1145 1146
1136 1148 1149 1150
1136 1148 1150 1160
1136 1150 1160 1161
1140 1141 1142 1143
1144 1145 1146 1147
1152 1301 1304 1311
1152 1301 1311 1315
1152 1311 1315 1318
1153 1154 1155 1305
1153 1155 1163 1305
1153 1155 1305 1312
1153 1305 1308 1312
1153 1308 1312 1316
1158 1159 1161 1166
1158 1159 1166 1267
1158 1166 1167 1267
1158 1166 1264 1267
1158 1263 1264 1267
1158 1263 1264 1278
1158 1264 1267 1269
1159 1161 1166 1303
1161 1166 1302 1303
1161 1166 1303 1307
1161 1302 1303 1310
1162 1165 1167 1265
1162 1165 1167 1306
1162 1167 1306 1307
1162 1167 1306 1313
1162 1306 1313 1314
1164 1165 1167 1265
1166 1167 1267 1307
1166 1167 1303 1307
1166 1167 1306 1307
1166 1303 1307 1314
1167 1306 1307 1314
1168 1339 1355 1363
1168 1355 1363 1364
1169 1372 1377 1378
1171 1172 1173 1207
1174 1175 1209 1210
1175 1177 1211 1212
1175 1177 1212 1215
1175 1208 1209 1210
1175 1209 1210 1211
1175 1210 1211 1212
1175 1210 1211 1282
1175 1211 1212 1282
1176 1177 1215 1216
1176 1177 1216 1217
1176 1178 1216 1217
1176 1178 1217 1287
1177 1212 1215 1216
1177 1212 1215 1284
1178 1201 1221 1287
1178 1217 1221 1287
1178 1217 1286 1287
1178 1221 1224 1287
1179 1330 1344 1345
1182 1193 1194 1280
1184 1185 1290 1291
1185 1188 1189 1289
1185 1189 1289 1290
1185 1289 1290 1291
1186 1187 1188 1348
1187 1188 1189 1348
1187 1188 1204 1288
1187 1188 1204 1289
1187 1188 1204 1348
1188 1189 1204 1289
1188 1189 1289 1348
1190 1191 1295 1296
1190 1191 1296 1297
1190 1295 1296 1425
1191 1192 1213 1298
1191 1192 1297 1298
1191 1296 1297 1298
1193 1194 1279 1280
1193 1195 1279 1281
1193 1208 1279 1281
1193 1210 1279 1280
1193 1279 1280 1281
1196 1197 1283 1284
1197 1198 1284 1285
1197 1212 1283 1284
1197 1283 1284 1285
1199 1200 1201 1218
1200 1201 1218 1220
1200 1201 1218 1221
1200 1218 1219 1220
1201 1203 1221 1287
1201 1203 1286 1287
1201 1218 1219 1221
1201 1218 1221 1287
1203 1217 1286 1287
1204 1205 1206 1223
1204 1205 1222 1223
1204 1206 1223 1229
1205 1218 1219 1220
1205 1222 1223 1234
1208 1209 1210 1279
1208 1210 1279 1280
1208 1210 1279 1281
1208 1279 1281 1300
1210 1211 1212 1282
1210 1211 1280 1282
1210 1279 1280 1282
1211 1212 1282 1283
1212 1215 1283 1284
1212 1282 1283 1284
1218 1219 1220 1221
1222 1223 1225 1234
1222 1223 1233 1234
1227 1232 1236 1237
1227 1232 1236 1242
1227 1236 1237 1248
1231 1232 1236 1242
1231 1232 1241 1242
1231 1238 1241 1242
1231 1238 1241 1243
1231 1238 1241 1293
1231 1238 1292 1293
1231 1241 1242 1243
1232 1236 1242 1247
1233 1239 1244 1245
1235 1237 1246 1248
1236 1237 1246 1248
1236 1237 1247 1248
1236 1242 1247 1248
1236 1242 1247 1253
1236 1247 1248 1452
1237 1246 1248 1450
1238 1241 1242 1243
1238 1241 1243 1249
1238 1243 1249 1456
1239 1240 1251 1252
1239 1240 1251 1449
1239 1244 1245 1447
1239 1244 1245 1449
1239 1245 1251 1449
1239 1245 1448 1449
1240 1250 1251 1252
1240 1250 1252 1455
1240 1251 1252 1457
1241 1242 1243 1253
1242 1243 1247 1253
1242 1243 1253 1458
1242 1247 1253 1452
1243 1249 1454 1456
1243 1249 1456 1458
1243 1253 1456 1458
1243 1253 1458 1459
1244 1245 1447 1448
1244 1245 1447 1451
1245 1447 1448 1449
1246 1248 1450 1451
1246 1248 1450 1453
1247 1248 1253 1452
1247 1248 1452 1453
1247 1253 1452 1459
1248 1450 1452 1453
1249 1250 1454 1455
1249 1250 1454 1456
1250 1252 1454 1455
1250 1252 1455 1457
1251 1252 1455 1457
1253 1452 1458 1459
1254 1255 1256 1258
1254 1255 1256 1270
1255 1256 1257 1270
1255 1257 1270 1272
1257 1270 1272 1460
1257 1270 1272 1465
1257 1272 1462 1465
1259 1261 1262 1274
1263 1264 1269 1278
1264 1267 1268 1269
1264 1267 1269 1278
1270 1271 1272 1460
1270 1271 1460 1461
1270 1272 1460 1462
1271 1273 1460 1461
1272 1460 1462 1465
1301 1302 1304 1311
1302 1303 1309 1310
1302 1303 1310 1314
1302 1304 1309 1311
1302 1309 1310 1311
1302 1309 1310 1317
1302 1309 1311 1318
1303 1306 1307 1314
1303 1307 1310 1314
1303 1310 1314 1321
1306 1307 1313 1314
1306 1313 1314 1322
1308 1312 1315 1316
1308 1312 1316 1319
1308 1315 1316 1467
1309 1310 1317 1318
1309 1310 1317 1321
1309 1311 1315 1318
1309 1311 1317 1318
1310 1314 1317 1321
1310 1314 1321 1322
1312 1316 1319 1468
1313 1314 1320 1322
1313 1314 1321 1322
1314 1321 1322 1470
1315 1316 1467 1468
1316 1319 1467 1468
1316 1319 1468 1469
1319 1320 1468 1469
1323 1324 1342 1359
1323 1342 1359 1361
1323 1359 1360 1361
1324 1336 1352 1359
1324 1342 1352 1359
1324 1352 1359 1360
1325 1334 1340 1341
1325 1340 1341 1356
1330 1343 1344 1345
1339 1346 1355 1363
1340 1341 1356 1357
1341 1356 1357 1358
1352 1359 1360 1361
1367 1368 1373 1376
1367 1368 1376 1385
1367 1376 1384 1385
1368 1373 1374 1376
1372 1377 1378 1379
1373 1374 1376 1387
1373 1374 1376 1404
1373 1374 1387 1392
1374 1376 1392 1404
1374 1376 1403 1404
1374 1387 1392 1393
1374 1387 1392 1404
1374 1392 1395 1404
1375 1376 1384 1403
1375 1384 1398 1399
1375 1384 1399 1403
1375 1384 1399 1481
1375 1399 1481 1483
1376 1384 1385 1398
1376 1384 1385 1403
1376 1384 1403 1404
1376 1395 1403 1404
1377 1378 1379 1386
1378 1379 1386 1388
1379 1386 1388 1402
1384 1385 1398 1399
1384 1398 1399 1483
1386 1388 1391 1402
1386 1391 1402 1472
1387 1392 1393 1474
1390 1391 1402 1472
1390 1391 1471 1472
1391 1402 1472 1477
1392 1393 1471 1474
1392 1393 1473 1474
1392 1395 1403 1404
1392 1395 1404 1473
1392 1395 1473 1474
1392 1395 1473 1476
1394 1395 1403 1404
1394 1395 1403 1475
1394 1395 1475 1476
1394 1395 1475 1478
1394 1402 1475 1478
1394 1402 1477 1478
1395 1473 1475 1476
1396 1397 1479 1480
1398 1399 1481 1483
1402 1472 1477 1478
