757	795	796	0	0	0	0	0	1402	0	-33686019	-1414812757	
757	795	830	0	0	0	0	0	1402	0	-33686019	-1414812757	
757	795	949	0	0	0	756	757	1402	0	-33686019	-1414812757	
757	830	924	0	0	0	757	757	1402	0	-33686019	-1414812757	
757	830	1123	0	0	0	0	0	1402	0	-33686019	-1414812757	
790	791	1406	0	0	789	789	1402	0	0	-33686019	-1414812757	
790	1002	1085	0	789	790	1402	0	0	0	-33686019	-1414812757	
791	1406	1407	0	0	6	789	1402	0	0	-33686019	-1414812757	
795	796	1008	0	0	0	0	0	1402	0	-33686019	-1414812757	
795	796	1011	0	0	0	793	795	1402	0	-33686019	-1414812757	
796	1004	1008	0	0	796	796	1402	0	0	-33686019	-1414812757	
796	1008	1123	0	0	0	0	0	1402	0	-33686019	-1414812757	
797	1408	1429	0	797	797	1402	0	0	0	-33686019	-1414812757	
820	1407	1424	0	6	819	1402	0	0	0	-33686019	-1414812757	
830	1008	1123	0	0	0	0	1402	0	0	-33686019	-1414812757	
830	1111	1123	0	0	829	829	1402	0	0	-33686019	-1414812757	
834	1008	1123	0	0	0	834	834	1402	0	-33686019	-1414812757	
1015	1407	1429	0	6	797	1402	0	0	0	-33686019	-1414812757	
1084	1085	1446	0	1082	1083	1402	0	0	0	-33686019	-1414812757	
1087	1407	1446	0	6	1084	1402	0	0	0	-33686019	-1414812757	
1088	1408	1424	0	799	819	1402	0	0	0	-33686019	-1414812757	
741	742	743	1	1	1	737	741	1402	0	-33686019	-1414812757	
742	743	856	1	0	1	1	1	1402	0	-33686019	-1414812757	
742	743	1014	1	0	1	1	1	1402	0	-33686019	-1414812757	
742	855	856	1	1	1	1	1	1402	0	-33686019	-1414812757	
742	856	1192	1	1	1	741	742	1402	0	-33686019	-1414812757	
743	949	1014	1	1	743	743	1402	0	0	-33686019	-1414812757	
743	992	1014	1	1	1	1	1402	0	0	-33686019	-1414812757	
855	856	1191	1	1	1	854	855	1402	0	-33686019	-1414812757	
855	856	1426	1	1	1	1	1	1402	0	-33686019	-1414812757	
855	993	1426	1	1	1	1	1	1402	0	-33686019	-1414812757	
855	1425	1426	1	1	1	180	855	1402	0	-33686019	-1414812757	
991	992	993	1	1	1	782	990	1402	0	-33686019	-1414812757	
992	993	1014	1	1	1	1	1402	0	0	-33686019	-1414812757	
992	993	1426	1	1	1	1	1	1402	0	-33686019	-1414812757	
992	1012	1014	1	1	991	991	1402	0	0	-33686019	-1414812757	
993	1426	1428	1	1	1	341	987	1402	0	-33686019	-1414812757	
763	771	977	2	2	2	2	2	1402	0	-33686019	-1414812757	
763	862	1202	2	2	2	763	763	1402	0	-33686019	-1414812757	
763	962	977	2	1	2	12	763	1402	0	-33686019	-1414812757	
763	968	1202	2	2	2	2	2	1402	0	-33686019	-1414812757	
763	977	1202	2	1	2	2	2	1402	0	-33686019	-1414812757	
771	772	969	2	2	2	2	2	1402	0	-33686019	-1414812757	
771	772	971	2	2	2	768	771	1402	0	-33686019	-1414812757	
771	772	977	2	2	2	2	1402	0	0	-33686019	-1414812757	
771	976	977	2	2	13	771	1402	0	0	-33686019	-1414812757	
772	968	969	2	2	2	2	1402	0	0	-33686019	-1414812757	
772	969	970	2	2	2	772	772	1402	0	-33686019	-1414812757	
891	968	1202	2	2	2	890	890	1402	0	-33686019	-1414812757	
968	969	1198	2	2	2	890	966	1402	0	-33686019	-1414812757	
968	969	1202	2	2	2	1402	0	0	0	-33686019	-1414812757	
14	774	1333	3	3	3	14	14	1402	0	-33686019	-1414812757	
773	774	961	3	3	3	13	14	1402	0	-33686019	-1414812757	
774	850	961	3	3	3	3	1402	0	0	-33686019	-1414812757	
774	961	1333	3	3	3	3	1402	0	0	-33686019	-1414812757	
774	1331	1333	3	3	3	3	1402	0	0	-33686019	-1414812757	
850	960	961	3	3	850	850	1402	0	0	-33686019	-1414812757	
850	961	1331	3	3	3	3	3	1402	0	-33686019	-1414812757	
850	1180	1331	3	3	3	16	850	1402	0	-33686019	-1414812757	
850	1331	1333	3	3	3	3	3	1402	0	-33686019	-1414812757	
899	1331	1333	3	3	3	17	899	1402	0	-33686019	-1414812757	
12	746	930	4	4	4	12	12	1402	0	-33686019	-1414812757	
746	756	930	4	4	4	4	1402	0	0	-33686019	-1414812757	
746	777	930	4	4	4	4	1402	0	0	-33686019	-1414812757	
746	777	963	4	4	4	4	4	1402	0	-33686019	-1414812757	
746	777	978	4	4	4	745	746	1402	0	-33686019	-1414812757	
756	769	770	4	4	4	4	4	1402	0	-33686019	-1414812757	
756	769	930	4	4	4	4	1402	0	0	-33686019	-1414812757	
756	769	944	4	4	4	754	755	1402	0	-33686019	-1414812757	
756	927	930	4	4	12	755	1402	0	0	-33686019	-1414812757	
767	769	770	4	4	4	766	767	1402	0	-33686019	-1414812757	
769	770	963	4	4	4	4	4	1402	0	-33686019	-1414812757	
770	777	963	4	4	4	4	1402	0	0	-33686019	-1414812757	
770	963	964	4	4	4	764	767	1402	0	-33686019	-1414812757	
776	777	963	4	4	4	765	775	1402	0	-33686019	-1414812757	
784	786	1183	5	5	5	783	784	1402	0	-33686019	-1414812757	
786	792	1009	5	5	5	785	786	1402	0	-33686019	-1414812757	
786	835	1009	5	5	5	5	5	1402	0	-33686019	-1414812757	
786	854	1183	5	5	5	5	1402	0	0	-33686019	-1414812757	
786	1009	1183	5	5	5	5	1402	0	0	-33686019	-1414812757	
834	835	1009	5	5	5	832	833	1402	0	-33686019	-1414812757	
835	909	1347	5	5	5	5	5	1402	0	-33686019	-1414812757	
835	1009	1347	5	5	5	5	5	1402	0	-33686019	-1414812757	
835	1119	1347	5	5	5	834	835	1402	0	-33686019	-1414812757	
854	909	1348	5	5	5	5	5	1402	0	-33686019	-1414812757	
854	1183	1184	5	5	5	851	853	1402	0	-33686019	-1414812757	
854	1183	1348	5	5	5	5	5	1402	0	-33686019	-1414812757	
854	1189	1348	5	5	5	854	854	1402	0	-33686019	-1414812757	
908	909	1347	5	5	5	908	908	1402	0	-33686019	-1414812757	
909	1347	1348	5	5	5	5	1402	0	0	-33686019	-1414812757	
909	1348	1349	5	5	5	902	908	1402	0	-33686019	-1414812757	
789	791	1003	6	6	6	789	789	1402	0	-33686019	-1414812757	
791	820	1407	6	6	6	6	6	6	6	6	6	
791	1003	1015	6	5	6	6	6	6	1402	-33686019	-1414812757	
791	1003	1407	6	5	6	6	6	6	6	6	1402	
791	1015	1407	6	6	6	6	6	6	6	6	6	
791	1087	1407	6	6	6	6	6	6	6	6	1402	
791	1406	1407	6	0	6	6	6	6	789	1402	-1414812757	
819	820	1046	6	6	6	803	818	1402	0	-33686019	-1414812757	
820	1015	1407	6	6	6	6	6	6	6	1402	-1414812757	
820	1044	1046	6	6	6	6	1402	0	0	-33686019	-1414812757	
820	1046	1407	6	6	6	6	6	6	1402	-33686019	-1414812757	
820	1087	1407	6	6	6	6	6	6	6	1402	-1414812757	
820	1407	1424	6	0	6	6	6	6	819	1402	-1414812757	
1003	1015	1016	6	6	6	797	1003	1402	0	-33686019	-1414812757	
1003	1015	1407	6	6	6	6	6	6	1402	-33686019	-1414812757	
1015	1407	1429	6	0	6	6	6	797	1402	-33686019	-1414812757	
1043	1044	1086	6	6	6	806	1043	1402	0	-33686019	-1414812757	
1044	1045	1046	6	6	1033	1042	1402	0	0	-33686019	-1414812757	
1044	1046	1086	6	6	6	6	1402	0	0	-33686019	-1414812757	
1044	1086	1087	6	6	6	6	6	1402	0	-33686019	-1414812757	
1084	1086	1087	6	6	6	1041	1084	1402	0	-33686019	-1414812757	
1086	1087	1407	6	6	6	6	6	6	1402	-33686019	-1414812757	
1087	1407	1446	6	0	6	6	6	1084	1402	-33686019	-1414812757	
40	1425	1427	7	7	7	40	40	1402	0	-33686019	-1414812757	
851	853	893	7	7	7	850	851	1402	0	-33686019	-1414812757	
851	853	990	7	7	7	7	7	1402	0	-33686019	-1414812757	
851	853	1425	7	7	7	7	7	1402	0	-33686019	-1414812757	
851	989	990	7	7	7	7	7	1402	0	-33686019	-1414812757	
851	990	995	7	7	7	785	851	1402	0	-33686019	-1414812757	
853	1295	1425	7	7	853	853	1402	0	0	-33686019	-1414812757	
853	1425	1427	7	6	7	7	7	1402	0	-33686019	-1414812757	
988	989	990	7	7	7	782	783	1402	0	-33686019	-1414812757	
989	990	1427	7	7	7	7	7	1402	0	-33686019	-1414812757	
989	1425	1427	7	6	7	7	7	1402	0	-33686019	-1414812757	
989	1427	1428	7	7	7	98	989	1402	0	-33686019	-1414812757	
828	1098	1106	8	8	8	825	828	1402	0	-33686019	-1414812757	
1058	1062	1063	8	8	8	8	8	1402	0	-33686019	-1414812757	
1058	1063	1069	8	8	8	8	8	1402	0	-33686019	-1414812757	
1058	1063	1438	8	8	8	1053	1058	1402	0	-33686019	-1414812757	
1058	1069	1098	8	8	8	8	8	1402	0	-33686019	-1414812757	
1058	1069	1414	8	8	8	1058	1058	1402	0	-33686019	-1414812757	
1062	1063	1106	8	8	8	8	8	1402	0	-33686019	-1414812757	
1062	1063	1441	8	8	8	1061	1062	1402	0	-33686019	-1414812757	
1062	1064	1106	8	8	8	1059	1062	1402	0	-33686019	-1414812757	
1062	1098	1106	8	7	8	8	8	1402	0	-33686019	-1414812757	
1068	1069	1098	8	8	8	1067	1068	1402	0	-33686019	-1414812757	
1069	1098	1106	8	7	8	8	8	1402	0	-33686019	-1414812757	
842	880	1133	9	9	9	9	9	1402	0	-33686019	-1414812757	
842	880	1258	9	8	9	841	842	1402	0	-33686019	-1414812757	
842	880	1260	9	8	9	9	9	1402	0	-33686019	-1414812757	
842	1132	1133	9	8	9	835	841	1402	0	-33686019	-1414812757	
842	1133	1135	9	8	9	9	9	1402	0	-33686019	-1414812757	
880	1135	1260	9	9	9	9	1402	0	0	-33686019	-1414812757	
880	1260	1261	9	9	9	879	880	1402	0	-33686019	-1414812757	
1133	1134	1135	9	9	837	1130	1402	0	0	-33686019	-1414812757	
1133	1135	1260	9	9	9	9	9	1402	0	-33686019	-1414812757	
1135	1157	1260	9	837	881	1402	0	0	0	-33686019	-1414812757	
845	865	1173	10	10	10	10	10	1402	0	-33686019	-1414812757	
845	872	876	10	10	10	10	10	1402	0	-33686019	-1414812757	
845	876	1173	10	9	10	10	10	1402	0	-33686019	-1414812757	
845	876	1226	10	10	10	844	845	1402	0	-33686019	-1414812757	
845	1171	1173	10	9	10	845	845	1402	0	-33686019	-1414812757	
853	1294	1295	10	10	10	853	853	1402	0	-33686019	-1414812757	
865	1173	1207	10	9	10	18	864	1402	0	-33686019	-1414812757	
865	1173	1296	10	9	10	10	10	1402	0	-33686019	-1414812757	
865	1295	1296	10	10	10	10	10	1402	0	-33686019	-1414812757	
865	1296	1297	10	10	10	18	865	1402	0	-33686019	-1414812757	
872	876	1231	10	10	10	10	870	872	1402	-33686019	-1414812757	
872	876	1293	10	10	10	10	10	872	1402	-33686019	-1414812757	
872	1231	1293	10	10	10	10	872	872	1402	-33686019	-1414812757	
872	1293	1294	10	10	10	10	10	1402	0	-33686019	-1414812757	
893	1293	1294	10	10	10	852	893	1402	0	-33686019	-1414812757	
1190	1295	1296	10	10	10	1188	1190	1402	0	-33686019	-1414812757	
1293	1294	1295	10	10	10	10	10	1402	0	-33686019	-1414812757	
1294	1295	1296	10	10	10	10	10	1402	0	-33686019	-1414812757	
844	1168	1370	11	11	11	844	844	1402	0	-33686019	-1414812757	
904	1354	1355	11	11	11	904	904	1402	0	-33686019	-1414812757	
917	1371	1387	11	11	11	917	917	1402	0	-33686019	-1414812757	
933	934	1354	11	11	11	747	931	1402	0	-33686019	-1414812757	
933	1354	1355	11	11	11	11	11	1402	0	-33686019	-1414812757	
933	1354	1373	11	11	11	11	11	1402	0	-33686019	-1414812757	
933	1368	1373	11	11	11	747	933	1402	0	-33686019	-1414812757	
933	1373	1387	11	11	11	11	11	1402	0	-33686019	-1414812757	
1168	1354	1355	11	11	11	11	11	1402	0	-33686019	-1414812757	
1168	1355	1363	11	11	11	1167	1168	1402	0	-33686019	-1414812757	
1168	1355	1370	11	11	11	11	1402	0	0	-33686019	-1414812757	
1168	1370	1371	11	10	11	11	11	1402	0	-33686019	-1414812757	
1370	1371	1372	11	11	11	844	918	1402	0	-33686019	-1414812757	
1370	1371	1387	11	11	11	11	11	1402	0	-33686019	-1414812757	
1371	1373	1387	11	11	11	1402	0	0	0	-33686019	-1414812757	
1373	1374	1387	11	1372	1373	1402	0	0	0	-33686019	-1414812757	
745	775	932	12	12	12	12	12	1402	0	-33686019	-1414812757	
745	927	928	12	12	12	745	745	1402	0	-33686019	-1414812757	
745	927	930	12	12	12	12	12	1402	0	-33686019	-1414812757	
745	927	932	12	11	12	12	12	1402	0	-33686019	-1414812757	
745	932	940	12	11	12	744	745	1402	0	-33686019	-1414812757	
746	775	930	12	3	0	12	12	12	1402	-33686019	-1414812757	
746	775	932	12	11	12	12	12	1402	0	-33686019	-1414812757	
746	775	978	12	12	12	745	746	1402	0	-33686019	-1414812757	
746	927	930	12	3	0	12	12	12	1402	-33686019	-1414812757	
756	927	930	12	4	12	12	755	1402	0	-33686019	-1414812757	
775	931	932	12	748	773	1402	0	0	0	-33686019	-1414812757	
763	962	977	13	2	13	13	763	1402	0	-33686019	-1414812757	
771	976	977	13	2	13	13	771	1402	0	-33686019	-1414812757	
773	774	961	13	3	13	13	14	1402	0	-33686019	-1414812757	
773	961	962	13	13	13	13	13	1402	0	-33686019	-1414812757	
773	961	975	13	13	13	13	13	1402	0	-33686019	-1414812757	
773	974	975	13	13	13	765	772	1402	0	-33686019	-1414812757	
773	975	976	13	13	13	13	13	1402	0	-33686019	-1414812757	
960	961	962	13	13	13	763	850	1402	0	-33686019	-1414812757	
961	962	977	13	12	13	13	13	1402	0	-33686019	-1414812757	
962	976	977	13	13	13	1402	0	0	0	-33686019	-1414812757	
965	975	976	13	13	13	764	965	1402	0	-33686019	-1414812757	
975	976	977	13	13	13	13	13	1402	0	-33686019	-1414812757	
15	780	981	14	14	14	15	15	1402	0	-33686019	-1414812757	
773	774	961	14	3	13	14	14	1402	0	-33686019	-1414812757	
773	774	981	14	14	14	14	14	1402	0	-33686019	-1414812757	
773	774	1333	14	2	14	14	14	1402	0	-33686019	-1414812757	
773	780	981	14	13	14	14	14	1402	0	-33686019	-1414812757	
773	974	981	14	14	14	766	772	1402	0	-33686019	-1414812757	
774	780	1333	14	2	0	14	14	1402	0	-33686019	-1414812757	
780	981	1333	14	13	14	14	1402	0	0	-33686019	-1414812757	
780	1332	1333	14	14	779	780	1402	0	0	-33686019	-1414812757	
765	776	980	15	15	15	764	765	1402	0	-33686019	-1414812757	
766	980	981	15	15	15	764	766	1402	0	-33686019	-1414812757	
776	777	978	15	15	15	746	775	1402	0	-33686019	-1414812757	
776	978	979	15	15	15	15	15	1402	0	-33686019	-1414812757	
776	978	980	15	15	15	15	1402	0	0	-33686019	-1414812757	
776	980	981	15	14	15	15	15	1402	0	-33686019	-1414812757	
780	979	984	15	15	15	15	15	1402	0	-33686019	-1414812757	
780	980	981	15	13	0	15	15	15	1402	-33686019	-1414812757	
780	981	984	15	13	15	15	15	1402	0	-33686019	-1414812757	
780	984	1329	15	15	15	780	780	1402	0	-33686019	-1414812757	
978	979	984	15	15	15	15	15	970	1402	-33686019	-1414812757	
978	979	986	15	15	15	15	775	970	1402	-33686019	-1414812757	
979	984	986	15	15	15	970	978	1402	0	-33686019	-1414812757	
839	1116	1117	16	16	16	16	16	1402	0	-33686019	-1414812757	
839	1116	1118	16	15	16	831	838	1402	0	-33686019	-1414812757	
839	1116	1138	16	15	16	16	16	1402	0	-33686019	-1414812757	
839	1122	1138	16	16	16	16	16	1402	0	-33686019	-1414812757	
839	1126	1138	16	16	16	838	838	1402	0	-33686019	-1414812757	
1116	1117	1122	16	15	16	16	16	1402	0	-33686019	-1414812757	
1116	1117	1338	16	15	16	831	1115	1402	0	-33686019	-1414812757	
1117	1122	1138	16	16	16	16	16	1402	0	-33686019	-1414812757	
1117	1122	1346	16	16	16	1116	1117	1402	0	-33686019	-1414812757	
1122	1138	1151	16	16	16	840	1121	1402	0	-33686019	-1414812757	
850	1180	1331	17	3	17	17	850	1402	0	-33686019	-1414812757	
860	1179	1180	17	17	17	850	860	1402	0	-33686019	-1414812757	
899	1179	1330	17	17	17	17	17	1402	0	-33686019	-1414812757	
899	1180	1331	17	16	17	17	17	1402	0	-33686019	-1414812757	
899	1330	1331	17	17	17	17	17	1402	0	-33686019	-1414812757	
899	1330	1343	17	17	17	899	899	1402	0	-33686019	-1414812757	
899	1331	1333	17	3	17	17	899	1402	0	-33686019	-1414812757	
1179	1180	1330	17	17	17	17	1402	0	0	-33686019	-1414812757	
1179	1180	1331	17	16	17	17	17	1402	0	-33686019	-1414812757	
1179	1330	1344	17	17	17	861	1178	1402	0	-33686019	-1414812757	
846	1207	1214	18	18	18	846	846	1402	0	-33686019	-1414812757	
865	1173	1207	18	10	18	18	864	1402	0	-33686019	-1414812757	
865	1207	1214	18	17	18	18	18	1402	0	-33686019	-1414812757	
865	1207	1297	18	18	18	18	18	1402	0	-33686019	-1414812757	
865	1296	1297	18	10	18	18	865	1402	0	-33686019	-1414812757	
865	1297	1298	18	18	18	18	18	1402	0	-33686019	-1414812757	
1191	1297	1298	18	18	18	1191	1191	1402	0	-33686019	-1414812757	
1192	1213	1298	18	18	18	742	1190	1402	0	-33686019	-1414812757	
1207	1213	1214	18	18	18	1402	0	0	0	-33686019	-1414812757	
1213	1214	1298	18	18	18	18	1402	0	0	-33686019	-1414812757	
1213	1214	1299	18	18	18	858	866	1402	0	-33686019	-1414812757	
1213	1297	1298	18	18	18	18	1402	0	0	-33686019	-1414812757	
870	1225	1235	19	19	19	870	870	1402	0	-33686019	-1414812757	
879	1225	1234	19	19	19	19	19	1402	0	-33686019	-1414812757	
879	1233	1234	19	19	19	878	879	1402	0	-33686019	-1414812757	
879	1234	1451	19	19	19	19	19	1402	0	-33686019	-1414812757	
879	1244	1451	19	19	19	879	879	1402	0	-33686019	-1414812757	
879	1246	1451	19	19	19	19	19	1402	0	-33686019	-1414812757	
1222	1225	1234	19	19	19	869	1218	1402	0	-33686019	-1414812757	
1225	1234	1235	19	19	19	19	1402	0	0	-33686019	-1414812757	
1225	1235	1246	19	18	19	19	19	1402	0	-33686019	-1414812757	
1235	1237	1246	19	19	870	1233	1402	0	0	-33686019	-1414812757	
1235	1246	1451	19	19	19	19	19	1402	0	-33686019	-1414812757	
1246	1450	1451	19	584	1245	1402	0	0	0	-33686019	-1414812757	
878	1228	1230	20	20	20	873	877	1402	0	-33686019	-1414812757	
878	1228	1240	20	19	20	20	20	1402	0	-33686019	-1414812757	
878	1228	1292	20	19	20	20	20	1402	0	-33686019	-1414812757	
878	1239	1240	20	20	20	878	878	1402	0	-33686019	-1414812757	
878	1240	1250	20	20	20	20	20	1402	0	-33686019	-1414812757	
1228	1238	1292	20	20	20	20	1402	0	0	-33686019	-1414812757	
1228	1291	1292	20	20	875	894	1402	0	0	-33686019	-1414812757	
1238	1243	1249	20	20	20	1238	1238	1402	0	-33686019	-1414812757	
1238	1249	1250	20	20	20	20	20	1402	0	-33686019	-1414812757	
1238	1249	1292	20	20	20	20	1402	0	0	-33686019	-1414812757	
1238	1292	1293	20	20	20	893	1231	1402	0	-33686019	-1414812757	
1240	1249	1250	20	20	20	20	1402	0	0	-33686019	-1414812757	
1240	1250	1252	20	20	20	1239	1240	1402	0	-33686019	-1414812757	
1249	1250	1454	20	20	20	1248	1249	1402	0	-33686019	-1414812757	
781	987	1327	21	21	21	21	781	781	1402	-33686019	-1414812757	
781	1324	1336	21	21	21	781	781	1402	0	-33686019	-1414812757	
781	1327	1328	21	20	21	21	21	781	1402	-33686019	-1414812757	
781	1327	1336	21	20	21	21	21	1402	0	-33686019	-1414812757	
781	1336	1380	21	21	21	21	21	1402	0	-33686019	-1414812757	
901	1328	1335	21	21	21	21	901	901	1402	-33686019	-1414812757	
901	1335	1350	21	21	21	21	901	901	1402	-33686019	-1414812757	
912	1336	1380	21	21	21	912	912	1402	0	-33686019	-1414812757	
914	1350	1380	21	21	21	914	914	1402	0	-33686019	-1414812757	
987	1327	1328	21	20	21	21	781	984	1402	-33686019	-1414812757	
1327	1328	1335	21	21	21	21	21	1402	0	-33686019	-1414812757	
1328	1335	1350	21	21	21	21	21	901	1402	-33686019	-1414812757	
1335	1350	1380	21	21	21	21	21	1402	0	-33686019	-1414812757	
1336	1350	1380	21	21	21	1402	0	0	0	-33686019	-1414812757	
912	1380	1389	22	22	22	912	912	1402	0	-33686019	-1414812757	
914	1380	1383	22	22	22	914	914	1402	0	-33686019	-1414812757	
916	920	1389	22	22	22	912	915	1402	0	-33686019	-1414812757	
918	920	1396	22	22	22	22	22	1402	0	-33686019	-1414812757	
918	1382	1383	22	22	22	22	22	1402	0	-33686019	-1414812757	
918	1382	1396	22	22	22	22	22	1402	0	-33686019	-1414812757	
918	1382	1405	22	22	22	917	918	1402	0	-33686019	-1414812757	
918	1396	1480	22	22	22	918	918	1402	0	-33686019	-1414812757	
920	1380	1389	22	21	22	22	1402	0	0	-33686019	-1414812757	
920	1389	1396	22	22	22	22	1402	0	0	-33686019	-1414812757	
920	1396	1397	22	22	22	919	920	1402	0	-33686019	-1414812757	
1380	1382	1383	22	22	22	22	1402	0	0	-33686019	-1414812757	
1380	1383	1389	22	22	22	1402	0	0	0	-33686019	-1414812757	
1381	1382	1383	22	22	22	921	982	1402	0	-33686019	-1414812757	
58	59	529	23	23	23	43	58	1402	0	-33686019	-1414812757	
58	179	529	23	22	23	23	23	1402	0	-33686019	-1414812757	
58	298	361	23	23	23	58	58	1402	0	-33686019	-1414812757	
58	342	361	23	23	23	23	23	1402	0	-33686019	-1414812757	
58	361	529	23	22	23	23	23	1402	0	-33686019	-1414812757	
179	341	1426	23	23	23	23	23	1402	0	-33686019	-1414812757	
179	526	1426	23	23	23	178	179	1402	0	-33686019	-1414812757	
179	529	530	23	23	23	44	179	1402	0	-33686019	-1414812757	
179	529	1426	23	23	23	23	23	1402	0	-33686019	-1414812757	
341	342	343	23	23	23	98	340	1402	0	-33686019	-1414812757	
341	342	361	23	23	23	23	23	1402	0	-33686019	-1414812757	
341	342	1426	23	23	23	23	1402	0	0	-33686019	-1414812757	
341	1426	1428	23	23	23	98	341	1402	0	-33686019	-1414812757	
342	360	361	23	109	342	1402	0	0	0	-33686019	-1414812757	
25	71	278	24	24	24	25	25	1402	0	-33686019	-1414812757	
61	64	277	24	24	24	24	24	1402	0	-33686019	-1414812757	
61	64	278	24	24	24	24	24	1402	0	-33686019	-1414812757	
61	64	280	24	24	24	60	61	1402	0	-33686019	-1414812757	
61	277	291	24	24	24	61	61	1402	0	-33686019	-1414812757	
61	277	295	24	24	24	24	24	1402	0	-33686019	-1414812757	
62	64	278	24	24	24	24	62	1402	0	-33686019	-1414812757	
64	71	278	24	23	24	1402	0	0	0	-33686019	-1414812757	
71	72	278	24	24	24	1402	0	0	0	-33686019	-1414812757	
71	72	293	24	24	24	70	71	1402	0	-33686019	-1414812757	
71	72	295	24	24	24	24	24	1402	0	-33686019	-1414812757	
72	277	295	24	24	24	24	1402	0	0	-33686019	-1414812757	
72	295	296	24	24	24	71	72	1402	0	-33686019	-1414812757	
277	290	295	24	277	277	1402	0	0	0	-33686019	-1414812757	
62	64	278	25	24	25	25	62	1402	0	-33686019	-1414812757	
62	71	278	25	23	24	25	25	1402	0	-33686019	-1414812757	
62	94	278	25	24	25	25	25	1402	0	-33686019	-1414812757	
62	94	313	25	25	25	25	25	1402	0	-33686019	-1414812757	
62	94	326	25	25	25	62	62	1402	0	-33686019	-1414812757	
71	85	86	25	25	25	25	25	1402	0	-33686019	-1414812757	
71	86	278	25	23	0	25	25	1402	0	-33686019	-1414812757	
71	86	293	25	25	25	70	71	1402	0	-33686019	-1414812757	
85	86	87	25	25	25	28	84	1402	0	-33686019	-1414812757	
85	86	313	25	25	25	25	25	1402	0	-33686019	-1414812757	
85	94	313	25	25	25	25	25	1402	0	-33686019	-1414812757	
85	313	314	25	25	25	28	83	1402	0	-33686019	-1414812757	
94	95	313	25	83	93	1402	0	0	0	-33686019	-1414812757	
60	275	276	26	26	26	60	60	1402	0	-33686019	-1414812757	
68	275	276	26	25	26	26	26	1402	0	-33686019	-1414812757	
68	276	292	26	26	26	67	68	1402	0	-33686019	-1414812757	
68	276	305	26	26	26	26	26	1402	0	-33686019	-1414812757	
68	290	305	26	26	26	68	68	1402	0	-33686019	-1414812757	
68	302	305	26	26	26	26	26	1402	0	-33686019	-1414812757	
77	302	305	26	26	26	77	77	1402	0	-33686019	-1414812757	
274	275	301	26	26	26	60	74	1402	0	-33686019	-1414812757	
275	276	301	26	25	26	26	1402	0	0	-33686019	-1414812757	
275	301	302	26	26	26	26	26	1402	0	-33686019	-1414812757	
300	301	302	26	26	26	74	77	1402	0	-33686019	-1414812757	
301	302	305	26	26	26	26	26	1402	0	-33686019	-1414812757	
73	107	144	27	27	27	72	73	1402	0	-33686019	-1414812757	
107	108	109	27	27	27	106	107	1402	0	-33686019	-1414812757	
107	108	144	27	27	27	27	1402	0	0	-33686019	-1414812757	
107	108	456	27	27	27	27	27	1402	0	-33686019	-1414812757	
107	143	144	27	27	27	27	1402	0	0	-33686019	-1414812757	
108	143	456	27	27	27	27	1402	0	0	-33686019	-1414812757	
108	355	456	27	27	108	108	1402	0	0	-33686019	-1414812757	
143	144	446	27	27	27	142	143	1402	0	-33686019	-1414812757	
143	144	456	27	27	27	27	1402	0	0	-33686019	-1414812757	
143	456	457	27	27	27	143	143	1402	0	-33686019	-1414812757	
84	314	315	28	28	28	83	83	1402	0	-33686019	-1414812757	
85	86	87	28	25	28	28	84	1402	0	-33686019	-1414812757	
85	87	314	28	28	28	28	28	28	1402	-33686019	-1414812757	
85	87	315	28	28	28	28	28	28	1402	-33686019	-1414812757	
85	313	314	28	25	28	28	83	1402	0	-33686019	-1414812757	
85	314	315	28	27	28	28	28	28	1402	-33686019	-1414812757	
87	314	315	28	27	28	28	28	1402	0	-33686019	-1414812757	
87	315	317	28	28	28	87	87	1402	0	-33686019	-1414812757	
90	91	334	29	29	29	30	31	1402	0	-33686019	-1414812757	
90	170	310	29	29	29	89	90	1402	0	-33686019	-1414812757	
90	170	334	29	28	29	29	29	1402	0	-33686019	-1414812757	
90	170	667	29	29	29	29	29	1402	0	-33686019	-1414812757	
90	334	670	29	28	29	29	29	1402	0	-33686019	-1414812757	
170	517	667	29	29	44	170	1402	0	0	-33686019	-1414812757	
170	667	670	29	29	29	29	29	1402	0	-33686019	-1414812757	
236	667	670	29	29	29	45	236	1402	0	-33686019	-1414812757	
334	667	670	29	29	29	29	1402	0	0	-33686019	-1414812757	
334	668	670	29	29	30	333	1402	0	0	-33686019	-1414812757	
54	96	329	30	30	30	54	54	1402	0	-33686019	-1414812757	
90	91	334	30	28	30	30	31	1402	0	-33686019	-1414812757	
91	96	329	30	29	30	30	30	1402	0	-33686019	-1414812757	
91	322	329	30	30	30	82	90	1402	0	-33686019	-1414812757	
91	329	334	30	30	30	30	1402	0	0	-33686019	-1414812757	
91	334	668	30	30	30	30	30	1402	0	-33686019	-1414812757	
96	329	668	30	29	30	30	30	1402	0	-33686019	-1414812757	
96	334	668	30	30	30	30	30	1402	0	-33686019	-1414812757	
96	666	668	30	30	30	96	96	1402	0	-33686019	-1414812757	
334	668	670	30	29	30	30	333	1402	0	-33686019	-1414812757	
81	311	325	31	31	31	81	81	1402	0	-33686019	-1414812757	
88	324	325	31	31	31	88	88	1402	0	-33686019	-1414812757	
90	91	311	31	31	31	31	31	1402	0	-33686019	-1414812757	
90	91	323	31	31	31	31	31	1402	0	-33686019	-1414812757	
90	91	334	31	28	30	31	31	1402	0	-33686019	-1414812757	
90	310	311	31	31	31	89	90	1402	0	-33686019	-1414812757	
90	311	325	31	30	31	31	31	1402	0	-33686019	-1414812757	
91	322	323	31	31	82	90	1402	0	0	-33686019	-1414812757	
91	323	324	31	31	31	31	31	1402	0	-33686019	-1414812757	
311	324	325	31	31	31	1402	0	0	0	-33686019	-1414812757	
315	323	324	31	31	31	84	315	1402	0	-33686019	-1414812757	
323	324	325	31	31	31	31	31	1402	0	-33686019	-1414812757	
99	101	520	32	32	32	98	99	1402	0	-33686019	-1414812757	
99	106	357	32	32	32	99	99	1402	0	-33686019	-1414812757	
99	150	357	32	32	32	32	32	1402	0	-33686019	-1414812757	
99	177	520	32	31	32	32	32	1402	0	-33686019	-1414812757	
99	357	520	32	31	32	32	32	1402	0	-33686019	-1414812757	
150	256	451	32	32	32	32	32	1402	0	-33686019	-1414812757	
150	357	451	32	32	32	32	32	1402	0	-33686019	-1414812757	
150	357	459	32	32	32	149	150	1402	0	-33686019	-1414812757	
150	451	452	32	32	32	148	150	1402	0	-33686019	-1414812757	
162	256	451	32	32	32	162	162	1402	0	-33686019	-1414812757	
177	178	684	32	32	32	177	177	1402	0	-33686019	-1414812757	
177	256	684	32	32	32	32	32	1402	0	-33686019	-1414812757	
177	520	521	32	32	32	175	177	1402	0	-33686019	-1414812757	
177	520	684	32	32	32	32	32	1402	0	-33686019	-1414812757	
256	451	684	32	32	32	32	1402	0	0	-33686019	-1414812757	
256	684	701	32	32	32	162	248	1402	0	-33686019	-1414812757	
113	142	436	33	33	33	112	113	1402	0	-33686019	-1414812757	
115	142	412	33	33	33	33	115	115	1402	-33686019	-1414812757	
115	412	1444	33	33	33	33	115	115	1402	-33686019	-1414812757	
116	133	134	33	33	33	115	116	1402	0	-33686019	-1414812757	
116	134	436	33	33	33	33	33	1402	0	-33686019	-1414812757	
116	134	1445	33	33	33	33	33	1402	0	-33686019	-1414812757	
116	142	436	33	32	33	33	33	1402	0	-33686019	-1414812757	
116	435	436	33	33	33	116	116	1402	0	-33686019	-1414812757	
134	1081	1445	33	33	33	134	134	1402	0	-33686019	-1414812757	
134	1444	1445	33	33	33	33	134	1402	0	-33686019	-1414812757	
142	412	436	33	33	33	1402	0	0	0	-33686019	-1414812757	
142	412	1444	33	33	33	33	33	115	1402	-33686019	-1414812757	
412	1444	1445	33	33	33	33	33	1402	0	-33686019	-1414812757	
1081	1444	1445	33	33	33	134	1076	1402	0	-33686019	-1414812757	
36	420	431	34	34	34	36	36	1402	0	-33686019	-1414812757	
118	122	379	34	34	34	34	34	1402	0	-33686019	-1414812757	
118	139	431	34	34	34	118	118	1402	0	-33686019	-1414812757	
118	378	379	34	34	34	118	118	1402	0	-33686019	-1414812757	
118	379	431	34	34	34	34	34	1402	0	-33686019	-1414812757	
118	420	431	34	33	34	34	34	1402	0	-33686019	-1414812757	
122	376	379	34	34	120	122	1402	0	0	-33686019	-1414812757	
122	379	420	34	34	34	34	34	1402	0	-33686019	-1414812757	
122	386	420	34	34	34	121	121	1402	0	-33686019	-1414812757	
122	420	431	34	33	34	34	34	1402	0	-33686019	-1414812757	
125	389	1413	35	35	35	35	1402	0	0	-33686019	-1414812757	
125	424	1435	35	35	35	35	1402	0	0	-33686019	-1414812757	
125	1413	1435	35	34	35	124	1402	0	0	-33686019	-1414812757	
388	389	424	35	35	35	35	35	1402	0	-33686019	-1414812757	
388	389	427	35	35	35	387	388	1402	0	-33686019	-1414812757	
388	389	1413	35	34	35	35	35	1402	0	-33686019	-1414812757	
388	424	425	35	35	35	138	388	1402	0	-33686019	-1414812757	
388	424	1435	35	35	35	35	35	1402	0	-33686019	-1414812757	
389	430	1413	35	123	389	1402	0	0	0	-33686019	-1414812757	
424	1412	1435	35	415	424	1402	0	0	0	-33686019	-1414812757	
114	371	438	36	36	36	114	114	1402	0	-33686019	-1414812757	
114	418	419	36	36	36	36	114	114	1402	-33686019	-1414812757	
114	419	420	36	36	36	36	36	114	1402	-33686019	-1414812757	
114	419	438	36	35	36	36	36	1402	0	-33686019	-1414812757	
114	438	439	36	35	36	36	36	1402	0	-33686019	-1414812757	
124	431	432	36	36	36	124	124	1402	0	-33686019	-1414812757	
373	438	439	36	36	36	372	373	1402	0	-33686019	-1414812757	
402	432	439	36	36	36	124	399	1402	0	-33686019	-1414812757	
418	419	420	36	36	36	36	114	362	1402	-33686019	-1414812757	
419	420	431	36	33	36	36	36	1402	0	-33686019	-1414812757	
420	431	432	36	33	36	36	36	1402	0	-33686019	-1414812757	
431	432	439	36	36	36	36	36	1402	0	-33686019	-1414812757	
432	438	439	36	36	36	1402	0	0	0	-33686019	-1414812757	
115	423	440	37	37	37	115	115	1402	0	-33686019	-1414812757	
138	400	425	37	37	37	138	138	1402	0	-33686019	-1414812757	
393	399	400	37	37	37	392	393	1402	0	-33686019	-1414812757	
399	400	408	37	37	37	37	37	1402	0	-33686019	-1414812757	
399	400	425	37	37	37	37	37	1402	0	-33686019	-1414812757	
399	408	409	37	37	37	393	398	1402	0	-33686019	-1414812757	
399	408	423	37	37	37	37	37	1402	0	-33686019	-1414812757	
400	425	440	37	37	37	37	37	1402	0	-33686019	-1414812757	
407	408	423	37	37	37	115	407	1402	0	-33686019	-1414812757	
408	423	440	37	36	37	37	37	1402	0	-33686019	-1414812757	
423	425	440	37	37	37	1402	0	0	0	-33686019	-1414812757	
425	440	441	37	37	37	373	425	1402	0	-33686019	-1414812757	
160	161	467	38	38	38	160	160	1402	0	-33686019	-1414812757	
160	208	597	38	38	38	160	160	1402	0	-33686019	-1414812757	
160	467	468	38	37	38	38	38	1402	0	-33686019	-1414812757	
160	467	597	38	37	38	38	38	1402	0	-33686019	-1414812757	
160	492	597	38	38	38	38	38	1402	0	-33686019	-1414812757	
209	492	597	38	38	38	209	209	1402	0	-33686019	-1414812757	
467	468	478	38	38	38	465	466	1402	0	-33686019	-1414812757	
467	468	492	38	38	38	38	38	1402	0	-33686019	-1414812757	
468	469	492	38	38	468	468	1402	0	0	-33686019	-1414812757	
468	492	597	38	38	38	38	38	1402	0	-33686019	-1414812757	
41	635	636	39	39	39	41	41	1402	0	-33686019	-1414812757	
164	165	201	39	39	39	39	39	1402	0	-33686019	-1414812757	
164	165	507	39	39	39	163	164	1402	0	-33686019	-1414812757	
164	165	543	39	39	39	39	39	1402	0	-33686019	-1414812757	
164	196	201	39	39	39	39	39	1402	0	-33686019	-1414812757	
164	201	566	39	39	39	164	164	1402	0	-33686019	-1414812757	
165	166	543	39	39	165	165	1402	0	0	-33686019	-1414812757	
165	543	637	39	39	39	39	39	1402	0	-33686019	-1414812757	
180	636	637	39	39	39	180	180	1402	0	-33686019	-1414812757	
189	543	637	39	39	39	189	189	1402	0	-33686019	-1414812757	
196	197	634	39	39	39	196	196	1402	0	-33686019	-1414812757	
196	201	202	39	39	39	195	196	1402	0	-33686019	-1414812757	
196	201	634	39	39	39	39	39	1402	0	-33686019	-1414812757	
196	634	635	39	39	39	39	39	1402	0	-33686019	-1414812757	
522	634	635	39	39	39	41	518	1402	0	-33686019	-1414812757	
543	636	637	39	39	39	1402	0	0	0	-33686019	-1414812757	
634	635	636	39	38	39	39	39	1402	0	-33686019	-1414812757	
635	636	637	39	38	39	39	39	1402	0	-33686019	-1414812757	
173	174	176	40	40	40	40	172	1402	0	-33686019	-1414812757	
173	174	340	40	39	40	40	40	1402	0	-33686019	-1414812757	
173	174	1425	40	39	40	40	40	1402	0	-33686019	-1414812757	
173	636	1425	40	40	40	41	173	1402	0	-33686019	-1414812757	
173	1425	1427	40	6	40	40	40	1402	0	-33686019	-1414812757	
174	340	345	40	40	40	100	174	1402	0	-33686019	-1414812757	
174	340	1427	40	40	40	40	40	1402	0	-33686019	-1414812757	
339	340	1427	40	40	40	97	97	1402	0	-33686019	-1414812757	
340	1425	1427	40	6	40	1402	0	0	0	-33686019	-1414812757	
173	174	176	41	39	41	41	172	1402	0	-33686019	-1414812757	
173	176	522	41	40	41	41	41	1402	0	-33686019	-1414812757	
173	176	636	41	40	41	41	41	1402	0	-33686019	-1414812757	
173	635	636	41	38	41	41	41	1402	0	-33686019	-1414812757	
173	636	1425	41	40	41	41	173	1402	0	-33686019	-1414812757	
176	224	522	41	41	175	175	1402	0	0	-33686019	-1414812757	
176	522	635	41	41	41	41	41	1402	0	-33686019	-1414812757	
522	634	635	41	39	41	518	1402	0	0	-33686019	-1414812757	
522	635	636	41	38	41	41	41	1402	0	-33686019	-1414812757	
205	570	573	42	42	42	42	42	1402	0	-33686019	-1414812757	
205	572	573	42	41	42	199	203	1402	0	-33686019	-1414812757	
205	573	590	42	41	42	42	42	1402	0	-33686019	-1414812757	
205	578	590	42	42	42	42	42	1402	0	-33686019	-1414812757	
205	589	590	42	42	42	203	204	1402	0	-33686019	-1414812757	
569	570	573	42	41	42	198	566	1402	0	-33686019	-1414812757	
570	573	578	42	41	42	42	42	1402	0	-33686019	-1414812757	
570	578	590	42	42	42	42	42	1402	0	-33686019	-1414812757	
570	578	633	42	42	42	197	569	1402	0	-33686019	-1414812757	
578	590	1454	42	42	42	576	578	1402	0	-33686019	-1414812757	
217	498	602	43	43	43	43	43	1402	0	-33686019	-1414812757	
217	498	603	43	42	43	216	217	1402	0	-33686019	-1414812757	
217	498	614	43	42	43	43	43	1402	0	-33686019	-1414812757	
217	592	614	43	43	43	217	217	1402	0	-33686019	-1414812757	
217	613	614	43	43	43	43	43	1402	0	-33686019	-1414812757	
218	602	612	43	43	43	211	218	1402	0	-33686019	-1414812757	
498	499	602	43	43	211	228	1402	0	0	-33686019	-1414812757	
498	602	612	43	42	43	43	43	1402	0	-33686019	-1414812757	
602	612	613	43	43	43	43	43	1402	0	-33686019	-1414812757	
612	613	614	43	43	43	43	43	1402	0	-33686019	-1414812757	
612	613	1464	43	43	43	610	611	1402	0	-33686019	-1414812757	
613	614	1465	43	43	43	612	613	1402	0	-33686019	-1414812757	
58	59	529	44	22	44	44	58	1402	0	-33686019	-1414812757	
59	184	225	44	44	44	44	44	1402	0	-33686019	-1414812757	
59	184	273	44	44	44	58	59	1402	0	-33686019	-1414812757	
59	184	529	44	44	44	44	1402	0	0	-33686019	-1414812757	
59	529	530	44	43	44	44	44	1402	0	-33686019	-1414812757	
179	529	530	44	23	44	44	179	1402	0	-33686019	-1414812757	
183	184	225	44	44	44	171	182	1402	0	-33686019	-1414812757	
184	225	226	44	44	44	44	44	1402	0	-33686019	-1414812757	
225	226	530	44	44	44	44	44	1402	0	-33686019	-1414812757	
225	226	642	44	44	44	183	224	1402	0	-33686019	-1414812757	
226	529	530	44	44	44	44	1402	0	0	-33686019	-1414812757	
226	530	639	44	44	44	225	226	1402	0	-33686019	-1414812757	
170	517	667	45	29	45	45	170	1402	0	-33686019	-1414812757	
186	245	516	45	45	45	186	186	1402	0	-33686019	-1414812757	
187	516	517	45	45	45	170	187	1402	0	-33686019	-1414812757	
236	245	516	45	45	45	45	45	1402	0	-33686019	-1414812757	
236	245	667	45	45	45	45	45	1402	0	-33686019	-1414812757	
236	245	682	45	45	45	235	236	1402	0	-33686019	-1414812757	
236	517	667	45	44	45	45	45	1402	0	-33686019	-1414812757	
236	667	670	45	29	45	45	236	1402	0	-33686019	-1414812757	
245	516	517	45	45	45	45	45	1402	0	-33686019	-1414812757	
516	517	667	45	44	45	45	45	1402	0	-33686019	-1414812757	
60	237	276	46	46	46	60	60	1402	0	-33686019	-1414812757	
237	243	678	46	46	46	46	46	1402	0	-33686019	-1414812757	
237	276	287	46	45	46	46	46	1402	0	-33686019	-1414812757	
237	276	678	46	45	46	46	46	1402	0	-33686019	-1414812757	
237	677	678	46	46	46	237	237	1402	0	-33686019	-1414812757	
243	254	678	46	46	242	243	1402	0	0	-33686019	-1414812757	
243	287	662	46	46	46	46	46	1402	0	-33686019	-1414812757	
243	661	662	46	46	46	243	243	1402	0	-33686019	-1414812757	
243	662	678	46	46	46	46	1402	0	0	-33686019	-1414812757	
276	287	292	46	46	46	67	273	1402	0	-33686019	-1414812757	
276	287	662	46	46	46	46	46	1402	0	-33686019	-1414812757	
287	288	662	46	287	287	1402	0	0	0	-33686019	-1414812757	
239	665	671	47	47	47	47	239	239	1402	-33686019	-1414812757	
239	671	672	47	46	47	47	239	239	1402	-33686019	-1414812757	
244	255	669	47	47	47	47	243	244	1402	-33686019	-1414812757	
244	255	699	47	47	47	47	244	244	1402	-33686019	-1414812757	
244	666	669	47	47	47	47	47	1402	0	-33686019	-1414812757	
244	669	699	47	47	47	47	47	244	1402	-33686019	-1414812757	
244	685	699	47	47	47	47	47	1402	0	-33686019	-1414812757	
263	685	711	47	47	47	262	262	1402	0	-33686019	-1414812757	
331	685	699	47	47	47	262	331	1402	0	-33686019	-1414812757	
338	665	666	47	47	47	333	336	1402	0	-33686019	-1414812757	
665	666	669	47	47	47	47	47	1402	0	-33686019	-1414812757	
665	666	671	47	47	47	47	1402	0	0	-33686019	-1414812757	
665	671	672	47	46	47	47	47	239	1402	-33686019	-1414812757	
666	668	669	47	96	661	1402	0	0	0	-33686019	-1414812757	
671	672	711	47	47	47	47	47	1402	0	-33686019	-1414812757	
672	685	711	47	47	47	47	1402	0	0	-33686019	-1414812757	
672	686	711	47	47	261	666	1402	0	0	-33686019	-1414812757	
685	699	711	47	47	47	1402	0	0	0	-33686019	-1414812757	
52	271	707	48	48	48	48	52	52	1402	-33686019	-1414812757	
52	503	705	48	48	48	48	48	1402	0	-33686019	-1414812757	
52	705	707	48	47	48	48	48	1402	0	-33686019	-1414812757	
52	705	729	48	48	48	51	52	1402	0	-33686019	-1414812757	
52	706	707	48	47	48	48	48	52	1402	-33686019	-1414812757	
65	281	704	48	48	48	65	65	1402	0	-33686019	-1414812757	
163	503	705	48	48	48	163	163	1402	0	-33686019	-1414812757	
258	704	706	48	48	48	51	258	1402	0	-33686019	-1414812757	
271	706	707	48	48	48	52	270	1402	0	-33686019	-1414812757	
281	282	691	48	48	48	281	281	1402	0	-33686019	-1414812757	
281	691	692	48	48	48	48	48	1402	0	-33686019	-1414812757	
281	691	704	48	48	48	48	1402	0	0	-33686019	-1414812757	
281	704	706	48	48	48	48	48	1402	0	-33686019	-1414812757	
503	683	692	48	48	48	501	503	1402	0	-33686019	-1414812757	
503	691	692	48	48	48	48	48	1402	0	-33686019	-1414812757	
503	692	705	48	48	48	1402	0	0	0	-33686019	-1414812757	
690	691	692	48	48	48	282	675	1402	0	-33686019	-1414812757	
704	706	707	48	48	48	48	48	1402	0	-33686019	-1414812757	
257	259	713	49	49	49	257	257	1402	0	-33686019	-1414812757	
257	262	331	49	49	49	257	257	1402	0	-33686019	-1414812757	
257	262	712	49	49	49	49	49	1402	0	-33686019	-1414812757	
257	262	713	49	48	49	49	49	1402	0	-33686019	-1414812757	
257	713	714	49	48	49	49	49	1402	0	-33686019	-1414812757	
262	263	712	49	49	262	262	1402	0	0	-33686019	-1414812757	
262	712	714	49	49	49	49	49	1402	0	-33686019	-1414812757	
712	713	714	49	49	49	49	1402	0	0	-33686019	-1414812757	
712	714	738	49	49	49	261	267	1402	0	-33686019	-1414812757	
713	714	737	49	49	49	53	709	1402	0	-33686019	-1414812757	
257	260	710	50	50	50	257	257	1402	0	-33686019	-1414812757	
259	260	708	50	50	50	255	258	1402	0	-33686019	-1414812757	
260	708	710	50	50	50	50	1402	0	0	-33686019	-1414812757	
260	708	733	50	50	50	50	50	1402	0	-33686019	-1414812757	
260	710	732	50	49	50	50	50	1402	0	-33686019	-1414812757	
330	710	732	50	50	50	330	330	1402	0	-33686019	-1414812757	
708	732	733	50	50	50	50	1402	0	0	-33686019	-1414812757	
708	733	734	50	50	50	708	708	1402	0	-33686019	-1414812757	
710	732	733	50	50	50	50	50	1402	0	-33686019	-1414812757	
722	732	733	50	50	50	721	722	1402	0	-33686019	-1414812757	
258	270	706	51	51	51	51	51	1402	0	-33686019	-1414812757	
258	704	706	51	48	50	51	258	1402	0	-33686019	-1414812757	
258	706	709	51	50	51	51	51	1402	0	-33686019	-1414812757	
258	709	715	51	51	51	258	258	1402	0	-33686019	-1414812757	
258	709	735	51	51	51	51	51	1402	0	-33686019	-1414812757	
270	706	721	51	50	51	51	269	270	1402	-33686019	-1414812757	
270	706	735	51	50	51	51	51	270	1402	-33686019	-1414812757	
270	709	735	51	51	51	51	51	1402	0	-33686019	-1414812757	
270	721	735	51	51	51	51	270	270	1402	-33686019	-1414812757	
708	709	735	51	51	51	259	680	1402	0	-33686019	-1414812757	
269	705	729	52	48	52	269	269	1402	0	-33686019	-1414812757	
271	706	707	52	47	0	48	48	52	270	1402	-1414812757	
271	707	730	52	47	52	52	52	1402	0	-33686019	-1414812757	
271	721	730	52	52	52	271	271	1402	0	-33686019	-1414812757	
271	729	730	52	52	52	52	52	1402	0	-33686019	-1414812757	
705	729	730	52	48	51	52	52	1402	0	-33686019	-1414812757	
720	729	730	52	52	52	720	720	1402	0	-33686019	-1414812757	
57	265	709	53	53	53	56	57	1402	0	-33686019	-1414812757	
57	265	713	53	52	53	53	53	53	1402	-33686019	-1414812757	
57	265	737	53	52	53	53	53	53	1402	-33686019	-1414812757	
57	713	737	53	53	53	53	53	53	1402	-33686019	-1414812757	
57	737	1481	53	53	53	57	57	1402	0	-33686019	-1414812757	
259	265	713	53	53	53	257	259	1402	0	-33686019	-1414812757	
265	713	737	53	53	53	53	53	1402	0	-33686019	-1414812757	
713	714	737	53	49	709	1402	0	0	0	-33686019	-1414812757	
82	328	329	54	54	54	82	82	1402	0	-33686019	-1414812757	
83	95	328	54	54	54	82	83	1402	0	-33686019	-1414812757	
93	326	327	54	54	54	92	93	1402	0	-33686019	-1414812757	
94	95	326	54	54	54	62	93	1402	0	-33686019	-1414812757	
95	326	327	54	54	54	54	54	1402	0	-33686019	-1414812757	
95	326	328	54	54	54	54	1402	0	0	-33686019	-1414812757	
95	328	329	54	53	54	54	54	1402	0	-33686019	-1414812757	
96	327	333	54	54	54	54	54	1402	0	-33686019	-1414812757	
96	328	329	54	29	0	53	54	54	1402	-33686019	-1414812757	
96	329	333	54	29	54	54	54	1402	0	-33686019	-1414812757	
96	333	666	54	54	54	94	96	1402	0	-33686019	-1414812757	
326	327	333	54	54	54	54	54	1402	0	-33686019	-1414812757	
327	333	337	54	54	54	93	316	1402	0	-33686019	-1414812757	
231	647	654	55	55	55	227	231	1402	0	-33686019	-1414812757	
643	647	650	55	55	55	472	638	1402	0	-33686019	-1414812757	
647	650	654	55	55	55	55	1402	0	0	-33686019	-1414812757	
647	650	657	55	55	55	55	55	1402	0	-33686019	-1414812757	
647	654	1467	55	54	55	55	55	1402	0	-33686019	-1414812757	
650	656	657	55	55	232	649	1402	0	0	-33686019	-1414812757	
650	657	1318	55	55	55	55	55	1402	0	-33686019	-1414812757	
654	655	1467	55	55	227	651	1402	0	0	-33686019	-1414812757	
654	1315	1467	55	55	55	55	1402	0	0	-33686019	-1414812757	
657	1315	1318	55	55	55	55	1402	0	0	-33686019	-1414812757	
657	1317	1318	55	55	656	656	1402	0	0	-33686019	-1414812757	
1311	1315	1318	55	55	55	1152	1309	1402	0	-33686019	-1414812757	
1315	1316	1467	55	55	1308	1314	1402	0	0	-33686019	-1414812757	
1315	1318	1467	55	55	55	55	1402	0	0	-33686019	-1414812757	
228	233	652	56	56	56	228	228	1402	0	-33686019	-1414812757	
233	651	1469	56	56	56	233	233	1402	0	-33686019	-1414812757	
233	652	653	56	55	56	56	56	1402	0	-33686019	-1414812757	
233	652	1469	56	55	56	56	56	1402	0	-33686019	-1414812757	
233	1320	1469	56	56	56	56	56	1402	0	-33686019	-1414812757	
234	653	658	56	56	56	234	234	1402	0	-33686019	-1414812757	
645	652	653	56	56	56	233	500	1402	0	-33686019	-1414812757	
652	653	658	56	56	56	56	56	1402	0	-33686019	-1414812757	
653	658	1470	56	56	56	56	56	1402	0	-33686019	-1414812757	
658	659	1470	56	56	234	657	1402	0	0	-33686019	-1414812757	
658	1322	1470	56	56	56	56	1402	0	0	-33686019	-1414812757	
1313	1320	1322	56	56	56	897	1312	1402	0	-33686019	-1414812757	
1319	1320	1469	56	56	56	897	1316	1402	0	-33686019	-1414812757	
1320	1322	1469	56	56	56	1402	0	0	0	-33686019	-1414812757	
1320	1322	1470	56	56	56	56	56	1402	0	-33686019	-1414812757	
1321	1322	1470	56	56	56	659	1313	1402	0	-33686019	-1414812757	
259	265	709	57	52	57	259	259	1402	0	-33686019	-1414812757	
265	709	727	57	52	56	57	57	1402	0	-33686019	-1414812757	
709	718	727	57	57	708	709	1402	0	0	-33686019	-1414812757	
709	727	1483	57	57	57	57	57	1402	0	-33686019	-1414812757	
727	736	1483	57	57	718	726	1402	0	0	-33686019	-1414812757	
727	1481	1483	57	57	57	57	1402	0	0	-33686019	-1414812757	
737	1481	1482	57	53	57	723	736	1402	0	-33686019	-1414812757	
737	1481	1483	57	53	57	57	57	1402	0	-33686019	-1414812757	
1399	1481	1483	57	57	57	1375	1396	1402	0	-33686019	-1414812757	
59	273	298	58	58	58	59	59	1402	0	-33686019	-1414812757	
59	298	361	58	23	57	58	58	1402	0	-33686019	-1414812757	
59	298	529	58	22	0	43	0	57	58	1402	-1414812757	
73	298	361	58	23	58	73	73	1402	0	-33686019	-1414812757	
171	184	273	59	44	59	171	171	1402	0	-33686019	-1414812757	
184	273	298	59	44	57	58	59	1402	0	-33686019	-1414812757	
273	298	299	59	57	59	75	271	1402	0	-33686019	-1414812757	
145	274	443	60	60	60	143	145	1402	0	-33686019	-1414812757	
146	242	443	60	60	60	145	146	1402	0	-33686019	-1414812757	
237	242	679	60	60	60	60	60	1402	0	-33686019	-1414812757	
237	275	276	60	25	45	0	60	60	1402	-33686019	-1414812757	
237	276	679	60	45	60	60	60	1402	0	-33686019	-1414812757	
237	677	679	60	60	60	236	237	1402	0	-33686019	-1414812757	
242	251	679	60	60	241	242	1402	0	0	-33686019	-1414812757	
242	274	443	60	59	60	60	1402	0	0	-33686019	-1414812757	
242	443	679	60	60	60	60	1402	0	0	-33686019	-1414812757	
274	275	276	60	25	60	60	60	1402	0	-33686019	-1414812757	
274	275	301	60	26	60	60	74	1402	0	-33686019	-1414812757	
274	275	443	60	60	60	1402	0	0	0	-33686019	-1414812757	
63	64	280	61	24	61	62	62	1402	0	-33686019	-1414812757	
64	280	289	61	24	60	61	61	1402	0	-33686019	-1414812757	
277	289	291	61	24	0	61	61	61	1402	-33686019	-1414812757	
277	290	291	61	24	0	61	276	277	1402	-33686019	-1414812757	
280	288	289	61	61	67	277	1402	0	0	-33686019	-1414812757	
280	289	291	61	61	61	61	61	1402	0	-33686019	-1414812757	
289	291	292	61	61	61	287	287	1402	0	-33686019	-1414812757	
63	64	92	62	62	62	62	62	1402	0	-33686019	-1414812757	
63	64	278	62	24	24	61	62	1402	0	-33686019	-1414812757	
63	64	280	62	60	61	62	62	1402	0	-33686019	-1414812757	
63	92	279	62	61	62	63	63	1402	0	-33686019	-1414812757	
63	92	326	62	61	62	62	62	1402	0	-33686019	-1414812757	
92	93	326	62	62	91	92	1402	0	0	-33686019	-1414812757	
92	94	326	62	25	62	62	1402	0	0	-33686019	-1414812757	
94	95	326	62	25	0	54	93	1402	0	-33686019	-1414812757	
64	279	280	63	60	0	62	0	63	63	1402	-1414812757	
66	279	280	63	62	63	66	66	1402	0	-33686019	-1414812757	
92	93	279	63	62	0	63	91	92	1402	-33686019	-1414812757	
92	279	280	63	62	62	63	63	1402	0	-33686019	-1414812757	
250	687	703	65	65	65	240	250	1402	0	-33686019	-1414812757	
266	703	704	65	65	65	264	266	1402	0	-33686019	-1414812757	
281	282	283	65	65	65	280	281	1402	0	-33686019	-1414812757	
281	283	285	65	65	65	65	65	1402	0	-33686019	-1414812757	
281	283	704	65	48	0	65	65	65	1402	-33686019	-1414812757	
281	703	704	65	48	0	65	65	65	1402	-33686019	-1414812757	
283	284	285	65	65	281	282	1402	0	0	-33686019	-1414812757	
283	285	696	65	65	65	65	65	1402	0	-33686019	-1414812757	
285	687	696	65	65	65	65	1402	0	0	-33686019	-1414812757	
285	696	697	65	65	65	253	284	1402	0	-33686019	-1414812757	
680	687	696	65	65	65	659	675	1402	0	-33686019	-1414812757	
687	696	703	65	65	65	65	1402	0	0	-33686019	-1414812757	
687	703	704	65	63	65	65	65	1402	0	-33686019	-1414812757	
67	235	286	66	66	66	66	66	1402	0	-33686019	-1414812757	
67	279	280	66	63	66	66	66	1402	0	-33686019	-1414812757	
67	280	286	66	65	66	66	66	66	1402	-33686019	-1414812757	
67	280	288	66	66	66	66	66	67	1402	-33686019	-1414812757	
67	286	288	66	65	66	66	66	67	1402	-33686019	-1414812757	
93	279	335	66	66	66	66	92	92	1402	-33686019	-1414812757	
93	335	336	66	66	66	66	92	93	1402	-33686019	-1414812757	
235	286	336	66	65	66	66	66	1402	0	-33686019	-1414812757	
235	286	660	66	65	66	235	235	1402	0	-33686019	-1414812757	
235	335	336	66	66	66	66	66	1402	0	-33686019	-1414812757	
235	336	663	66	66	66	235	235	1402	0	-33686019	-1414812757	
279	280	335	66	63	66	66	1402	0	0	-33686019	-1414812757	
279	335	336	66	66	66	66	66	92	1402	-33686019	-1414812757	
280	286	288	67	66	66	0	66	67	67	1402	-1414812757	
280	288	289	67	61	66	66	277	1402	0	-33686019	-1414812757	
286	288	661	67	66	66	285	286	1402	0	-33686019	-1414812757	
276	287	292	68	26	0	46	68	273	1402	-33686019	-1414812757	
276	290	292	68	26	0	67	68	68	1402	-33686019	-1414812757	
290	291	292	68	68	276	287	1402	0	0	-33686019	-1414812757	
290	292	305	68	26	0	68	68	68	1402	-33686019	-1414812757	
290	304	305	68	26	0	68	76	290	1402	-33686019	-1414812757	
70	293	316	69	69	69	70	70	1402	0	-33686019	-1414812757	
70	294	296	69	69	69	70	70	1402	0	-33686019	-1414812757	
70	294	307	69	69	69	69	69	1402	0	-33686019	-1414812757	
70	294	316	69	68	69	69	69	1402	0	-33686019	-1414812757	
70	306	316	69	68	69	69	69	1402	0	-33686019	-1414812757	
78	306	307	69	69	69	78	78	1402	0	-33686019	-1414812757	
294	306	307	69	69	69	69	1402	0	0	-33686019	-1414812757	
294	307	308	69	69	69	76	79	1402	0	-33686019	-1414812757	
306	307	316	69	69	69	69	1402	0	0	-33686019	-1414812757	
306	316	320	69	69	69	295	306	1402	0	-33686019	-1414812757	
72	293	296	70	70	70	71	71	1402	0	-33686019	-1414812757	
87	293	316	70	68	70	85	86	1402	0	-33686019	-1414812757	
293	294	296	70	69	70	70	1402	0	0	-33686019	-1414812757	
293	296	316	70	68	0	69	70	1402	0	-33686019	-1414812757	
294	296	297	70	69	70	290	294	1402	0	-33686019	-1414812757	
72	86	293	71	24	0	25	71	71	1402	-33686019	-1414812757	
72	293	296	71	24	69	70	71	1402	0	-33686019	-1414812757	
86	87	293	71	25	0	84	85	1402	0	-33686019	-1414812757	
293	295	296	72	24	69	0	71	0	72	1402	-1414812757	
295	296	297	72	24	71	290	294	1402	0	-33686019	-1414812757	
74	107	144	73	26	73	73	73	1402	0	-33686019	-1414812757	
74	144	274	73	72	73	73	74	1402	0	-33686019	-1414812757	
74	144	298	73	72	73	73	73	1402	0	-33686019	-1414812757	
74	298	300	73	73	73	74	74	1402	0	-33686019	-1414812757	
74	298	361	73	58	73	73	73	1402	0	-33686019	-1414812757	
107	109	110	73	73	73	106	107	1402	0	-33686019	-1414812757	
107	110	144	73	26	0	73	73	1402	0	-33686019	-1414812757	
107	110	361	73	73	73	73	73	1402	0	-33686019	-1414812757	
110	298	361	73	58	73	73	1402	0	0	-33686019	-1414812757	
110	360	361	73	73	109	110	1402	0	0	-33686019	-1414812757	
144	145	274	74	73	0	74	143	144	1402	-33686019	-1414812757	
144	274	301	74	73	73	74	74	1402	0	-33686019	-1414812757	
274	275	301	74	26	60	74	1402	0	0	-33686019	-1414812757	
274	300	301	74	74	74	74	1402	0	0	-33686019	-1414812757	
298	299	300	74	73	0	74	75	271	1402	-33686019	-1414812757	
298	300	301	74	73	74	74	74	1402	0	-33686019	-1414812757	
300	301	302	74	26	74	74	77	1402	0	-33686019	-1414812757	
76	77	272	75	75	75	75	75	1402	0	-33686019	-1414812757	
76	77	300	75	74	75	75	75	1402	0	-33686019	-1414812757	
76	77	303	75	74	75	75	76	1402	0	-33686019	-1414812757	
76	272	273	75	74	75	75	75	1402	0	-33686019	-1414812757	
76	272	519	75	74	75	76	76	1402	0	-33686019	-1414812757	
77	299	300	75	75	75	75	1402	0	0	-33686019	-1414812757	
77	300	302	75	75	75	77	77	1402	0	-33686019	-1414812757	
171	272	273	75	75	75	171	171	1402	0	-33686019	-1414812757	
272	273	299	75	75	75	75	75	1402	0	-33686019	-1414812757	
273	298	299	75	59	75	75	271	1402	0	-33686019	-1414812757	
273	299	300	75	75	75	75	75	271	1402	-33686019	-1414812757	
298	299	300	75	74	75	75	75	271	1402	-33686019	-1414812757	
77	294	303	76	75	0	76	76	76	1402	-33686019	-1414812757	
77	303	304	76	75	75	77	77	1402	0	-33686019	-1414812757	
79	308	519	76	76	76	79	79	1402	0	-33686019	-1414812757	
172	272	519	76	75	76	79	171	1402	0	-33686019	-1414812757	
272	308	519	76	75	0	76	76	1402	0	-33686019	-1414812757	
294	297	303	76	76	294	294	1402	0	0	-33686019	-1414812757	
294	303	308	76	75	76	76	76	1402	0	-33686019	-1414812757	
294	307	308	76	69	76	76	79	1402	0	-33686019	-1414812757	
294	308	519	76	76	76	76	76	1402	0	-33686019	-1414812757	
290	304	305	77	68	77	77	290	1402	0	-33686019	-1414812757	
297	303	304	77	76	77	294	295	1402	0	-33686019	-1414812757	
300	301	302	77	26	74	75	0	77	1402	-33686019	-1414812757	
300	302	305	77	26	75	77	77	1402	0	-33686019	-1414812757	
302	304	305	77	26	0	76	77	1402	0	-33686019	-1414812757	
303	304	305	77	76	76	77	77	1402	0	-33686019	-1414812757	
79	181	307	78	78	78	78	78	1402	0	-33686019	-1414812757	
79	181	318	78	77	78	78	78	1402	0	-33686019	-1414812757	
79	181	518	78	77	78	78	79	1402	0	-33686019	-1414812757	
79	306	307	78	69	77	78	78	1402	0	-33686019	-1414812757	
79	307	308	78	77	78	79	79	1402	0	-33686019	-1414812757	
89	318	321	78	78	78	80	89	1402	0	-33686019	-1414812757	
181	318	321	78	78	78	78	78	1402	0	-33686019	-1414812757	
181	318	531	78	78	78	180	181	1402	0	-33686019	-1414812757	
306	307	321	78	69	78	78	78	1402	0	-33686019	-1414812757	
306	318	321	78	78	78	78	78	1402	0	-33686019	-1414812757	
306	320	321	78	78	78	88	306	1402	0	-33686019	-1414812757	
172	181	518	79	78	79	79	79	1402	0	-33686019	-1414812757	
172	182	518	79	78	79	171	172	1402	0	-33686019	-1414812757	
172	272	519	79	76	79	79	171	1402	0	-33686019	-1414812757	
172	308	519	79	76	79	79	79	1402	0	-33686019	-1414812757	
172	518	519	79	78	79	79	79	1402	0	-33686019	-1414812757	
181	518	528	79	78	78	181	181	1402	0	-33686019	-1414812757	
294	307	308	79	69	76	78	79	1402	0	-33686019	-1414812757	
307	308	519	79	76	78	79	79	1402	0	-33686019	-1414812757	
81	89	312	80	80	80	80	80	1402	0	-33686019	-1414812757	
81	220	536	80	80	80	80	80	1402	0	-33686019	-1414812757	
81	309	536	80	80	80	81	81	1402	0	-33686019	-1414812757	
81	312	325	80	79	80	80	81	1402	0	-33686019	-1414812757	
81	312	536	80	79	80	80	80	1402	0	-33686019	-1414812757	
88	89	312	80	79	80	87	88	1402	0	-33686019	-1414812757	
89	185	318	80	80	80	80	80	1402	0	-33686019	-1414812757	
89	312	318	80	79	80	80	80	1402	0	-33686019	-1414812757	
89	318	321	80	78	80	80	89	1402	0	-33686019	-1414812757	
185	220	625	80	80	80	80	80	1402	0	-33686019	-1414812757	
185	221	625	80	80	80	185	185	1402	0	-33686019	-1414812757	
185	318	531	80	80	80	180	185	1402	0	-33686019	-1414812757	
185	318	625	80	80	80	80	80	1402	0	-33686019	-1414812757	
220	536	537	80	80	80	187	219	1402	0	-33686019	-1414812757	
220	536	625	80	80	80	80	1402	0	0	-33686019	-1414812757	
220	557	625	80	80	191	220	1402	0	0	-33686019	-1414812757	
88	312	325	81	80	81	88	88	1402	0	-33686019	-1414812757	
188	309	536	81	80	81	188	188	1402	0	-33686019	-1414812757	
309	310	311	81	81	81	90	306	1402	0	-33686019	-1414812757	
309	311	325	81	30	81	81	81	1402	0	-33686019	-1414812757	
309	311	536	81	80	0	81	81	1402	0	-33686019	-1414812757	
311	312	325	81	30	0	80	80	1402	0	-33686019	-1414812757	
83	84	328	82	82	82	82	83	1402	0	-33686019	-1414812757	
84	315	323	82	82	82	83	84	1402	0	-33686019	-1414812757	
84	322	323	82	82	82	82	82	1402	0	-33686019	-1414812757	
84	323	328	82	82	82	82	1402	0	0	-33686019	-1414812757	
84	328	329	82	53	81	82	82	1402	0	-33686019	-1414812757	
91	322	323	82	31	82	82	82	90	1402	-33686019	-1414812757	
91	322	329	82	30	82	82	82	90	1402	-33686019	-1414812757	
322	323	329	82	82	82	82	90	1402	0	-33686019	-1414812757	
322	328	329	82	53	82	82	1402	0	0	-33686019	-1414812757	
84	95	328	83	54	81	0	83	83	1402	-33686019	-1414812757	
84	313	314	83	83	83	83	83	1402	0	-33686019	-1414812757	
84	314	315	83	27	83	83	83	1402	0	-33686019	-1414812757	
84	314	328	83	81	0	82	83	83	1402	-33686019	-1414812757	
85	313	314	83	25	28	83	83	1402	0	-33686019	-1414812757	
94	95	313	83	25	83	83	93	1402	0	-33686019	-1414812757	
95	313	314	83	83	83	83	83	1402	0	-33686019	-1414812757	
95	313	328	83	54	0	83	83	1402	0	-33686019	-1414812757	
314	315	323	84	27	82	83	84	1402	0	-33686019	-1414812757	
315	323	324	84	31	82	83	315	1402	0	-33686019	-1414812757	
86	87	293	85	25	28	71	85	1402	0	-33686019	-1414812757	
87	293	316	86	70	71	84	86	1402	0	-33686019	-1414812757	
293	316	317	87	70	85	87	87	1402	0	-33686019	-1414812757	
315	316	317	87	28	0	86	87	87	309	1402	-1414812757	
315	317	319	87	28	87	87	309	315	1402	-33686019	-1414812757	
316	317	319	87	86	87	87	309	315	1402	-33686019	-1414812757	
89	312	320	88	80	88	88	88	1402	0	-33686019	-1414812757	
89	312	325	88	80	80	87	88	1402	0	-33686019	-1414812757	
89	319	320	88	87	88	88	88	1402	0	-33686019	-1414812757	
89	320	321	88	87	88	88	89	1402	0	-33686019	-1414812757	
312	324	325	88	31	80	0	88	1402	0	-33686019	-1414812757	
315	319	324	88	88	88	315	315	1402	0	-33686019	-1414812757	
316	319	320	88	88	88	295	315	1402	0	-33686019	-1414812757	
319	320	324	88	88	88	88	1402	0	0	-33686019	-1414812757	
319	324	325	88	31	88	88	88	1402	0	-33686019	-1414812757	
306	320	321	89	78	88	89	306	1402	0	-33686019	-1414812757	
318	320	321	89	78	0	80	0	88	88	1402	-1414812757	
170	310	311	90	29	31	90	90	1402	0	-33686019	-1414812757	
170	310	533	90	29	89	169	170	1402	0	-33686019	-1414812757	
309	310	311	90	31	81	89	306	1402	0	-33686019	-1414812757	
322	323	329	91	30	0	31	82	82	0	82	1402	
93	279	326	92	62	0	63	92	92	1402	-33686019	-1414812757	
93	279	335	92	63	66	91	92	1402	0	-33686019	-1414812757	
93	326	327	92	54	62	91	93	1402	0	-33686019	-1414812757	
279	335	336	93	66	66	66	92	93	1402	-33686019	-1414812757	
326	327	337	93	54	92	93	93	1402	0	-33686019	-1414812757	
327	333	337	93	54	93	316	1402	0	0	-33686019	-1414812757	
327	336	337	93	93	93	93	1402	0	0	-33686019	-1414812757	
335	336	337	93	66	92	93	93	1402	0	-33686019	-1414812757	
336	337	338	93	93	93	331	334	1402	0	-33686019	-1414812757	
95	313	326	94	25	54	0	62	0	83	1402	-1414812757	
333	338	666	96	54	0	96	333	333	1402	-33686019	-1414812757	
333	666	668	96	30	54	94	96	1402	0	-33686019	-1414812757	
666	668	669	96	30	47	96	661	1402	0	-33686019	-1414812757	
98	103	344	97	97	97	97	97	1402	0	-33686019	-1414812757	
98	339	340	97	97	97	97	97	97	1402	-33686019	-1414812757	
98	339	344	97	96	97	97	97	1402	0	-33686019	-1414812757	
98	339	1427	97	97	97	97	97	98	1402	-33686019	-1414812757	
98	343	344	97	96	97	98	98	1402	0	-33686019	-1414812757	
103	344	352	97	96	97	103	103	1402	0	-33686019	-1414812757	
103	344	417	97	96	97	97	97	1402	0	-33686019	-1414812757	
103	349	417	97	97	97	97	97	1402	0	-33686019	-1414812757	
103	384	417	97	97	97	102	103	1402	0	-33686019	-1414812757	
339	340	348	97	97	97	97	97	1402	0	-33686019	-1414812757	
339	340	1427	97	40	97	97	97	1402	0	-33686019	-1414812757	
340	345	348	97	97	174	338	1402	0	0	-33686019	-1414812757	
340	348	349	97	97	97	97	97	1402	0	-33686019	-1414812757	
348	349	367	97	97	97	346	348	1402	0	-33686019	-1414812757	
348	349	417	97	97	97	97	97	1402	0	-33686019	-1414812757	
349	369	417	97	349	349	1402	0	0	0	-33686019	-1414812757	
339	340	1427	98	40	97	97	0	97	98	1402	-1414812757	
339	1427	1428	98	97	97	98	98	1402	0	-33686019	-1414812757	
341	342	343	98	23	98	98	340	1402	0	-33686019	-1414812757	
341	343	344	98	97	98	98	98	1402	0	-33686019	-1414812757	
341	343	1428	98	98	98	98	98	1402	0	-33686019	-1414812757	
341	1426	1428	98	23	98	98	341	1402	0	-33686019	-1414812757	
341	1427	1428	98	98	98	98	98	1402	0	-33686019	-1414812757	
343	344	360	98	97	98	341	342	1402	0	-33686019	-1414812757	
989	1427	1428	98	7	98	98	989	1402	0	-33686019	-1414812757	
100	101	520	99	31	99	99	100	1402	0	-33686019	-1414812757	
101	104	106	99	99	99	99	99	1402	0	-33686019	-1414812757	
101	104	347	99	99	99	100	101	1402	0	-33686019	-1414812757	
101	104	520	99	31	0	99	99	1402	0	-33686019	-1414812757	
104	105	106	99	99	103	104	1402	0	0	-33686019	-1414812757	
104	106	357	99	32	99	99	99	1402	0	-33686019	-1414812757	
106	356	357	99	32	0	105	106	1402	0	-33686019	-1414812757	
101	175	520	100	98	0	100	100	100	1402	-33686019	-1414812757	
101	345	346	100	100	100	100	100	1402	0	-33686019	-1414812757	
101	346	347	100	100	100	101	101	1402	0	-33686019	-1414812757	
101	346	520	100	98	0	99	100	100	1402	-33686019	-1414812757	
174	175	176	100	100	100	172	173	1402	0	-33686019	-1414812757	
174	175	345	100	100	100	100	100	1402	0	-33686019	-1414812757	
174	175	520	100	99	100	100	100	1402	0	-33686019	-1414812757	
174	340	345	100	40	100	100	174	1402	0	-33686019	-1414812757	
174	345	346	100	100	100	100	100	1402	0	-33686019	-1414812757	
175	520	521	100	99	100	175	175	1402	0	-33686019	-1414812757	
345	346	348	100	100	100	338	344	1402	0	-33686019	-1414812757	
102	104	347	101	99	101	101	102	102	1402	-33686019	-1414812757	
102	346	347	101	100	100	101	102	102	1402	-33686019	-1414812757	
104	346	347	101	99	0	100	101	102	1402	-33686019	-1414812757	
104	105	111	102	102	102	103	104	1402	0	-33686019	-1414812757	
104	111	347	102	100	0	101	102	102	1402	-33686019	-1414812757	
104	111	351	102	101	102	102	102	1402	0	-33686019	-1414812757	
104	346	347	102	100	0	101	101	102	102	1402	-1414812757	
111	350	351	102	102	102	102	1402	0	0	-33686019	-1414812757	
111	351	366	102	102	102	105	110	1402	0	-33686019	-1414812757	
113	350	351	102	102	102	113	113	1402	0	-33686019	-1414812757	
346	347	350	102	101	102	102	102	1402	0	-33686019	-1414812757	
346	348	350	102	102	102	344	345	1402	0	-33686019	-1414812757	
346	350	351	102	102	102	102	102	1402	0	-33686019	-1414812757	
137	384	417	103	97	103	137	137	1402	0	-33686019	-1414812757	
344	352	360	103	97	103	342	343	1402	0	-33686019	-1414812757	
344	352	384	103	97	103	103	103	1402	0	-33686019	-1414812757	
352	384	385	103	103	103	352	352	1402	0	-33686019	-1414812757	
352	384	417	103	97	102	103	103	1402	0	-33686019	-1414812757	
105	106	111	104	99	101	0	104	104	1402	-33686019	-1414812757	
105	106	365	104	99	103	104	105	1402	0	-33686019	-1414812757	
105	111	366	104	101	103	105	105	1402	0	-33686019	-1414812757	
106	112	365	105	104	0	105	105	105	1402	-33686019	-1414812757	
106	356	365	105	104	0	104	106	106	1402	-33686019	-1414812757	
111	351	366	105	102	104	0	105	110	1402	-33686019	-1414812757	
111	366	370	105	104	105	105	105	1402	0	-33686019	-1414812757	
112	364	365	105	105	112	112	1402	0	0	-33686019	-1414812757	
112	365	370	105	104	105	105	105	1402	0	-33686019	-1414812757	
112	366	370	105	105	105	105	105	1402	0	-33686019	-1414812757	
112	370	437	105	105	105	112	112	1402	0	-33686019	-1414812757	
366	370	435	105	105	105	362	366	1402	0	-33686019	-1414812757	
151	356	357	106	99	106	151	151	1402	0	-33686019	-1414812757	
355	356	365	106	105	106	353	354	1402	0	-33686019	-1414812757	
356	357	365	106	99	105	0	105	1402	0	-33686019	-1414812757	
108	109	110	107	27	73	107	107	1402	0	-33686019	-1414812757	
108	109	354	107	27	106	107	108	1402	0	-33686019	-1414812757	
109	110	359	107	73	106	108	109	1402	0	-33686019	-1414812757	
109	354	355	108	107	108	108	108	1402	0	-33686019	-1414812757	
109	354	358	108	107	107	109	109	1402	0	-33686019	-1414812757	
353	354	355	108	107	108	352	353	1402	0	-33686019	-1414812757	
354	355	456	108	27	107	108	108	1402	0	-33686019	-1414812757	
355	356	456	108	27	0	151	354	1402	0	-33686019	-1414812757	
110	358	359	109	107	0	109	109	109	1402	-33686019	-1414812757	
110	359	360	109	107	108	110	110	1402	0	-33686019	-1414812757	
354	358	359	109	108	108	109	109	1402	0	-33686019	-1414812757	
354	358	363	109	108	109	353	353	1402	0	-33686019	-1414812757	
358	359	362	109	108	109	351	355	1402	0	-33686019	-1414812757	
342	360	361	110	23	73	110	342	1402	0	-33686019	-1414812757	
352	359	360	110	109	110	343	352	1402	0	-33686019	-1414812757	
359	360	361	110	73	109	109	110	1402	0	-33686019	-1414812757	
351	366	436	111	102	105	113	349	1402	0	-33686019	-1414812757	
114	364	371	112	112	112	114	114	1402	0	-33686019	-1414812757	
353	364	365	112	105	112	353	353	1402	0	-33686019	-1414812757	
364	365	371	112	105	112	112	1402	0	0	-33686019	-1414812757	
364	371	437	112	111	112	112	112	1402	0	-33686019	-1414812757	
370	371	437	112	105	0	112	112	112	1402	-33686019	-1414812757	
370	372	437	112	105	0	112	369	370	1402	-33686019	-1414812757	
371	437	438	112	112	112	114	370	1402	0	-33686019	-1414812757	
142	351	436	113	32	0	113	113	113	1402	-33686019	-1414812757	
142	367	368	113	113	113	113	113	141	1402	-33686019	-1414812757	
142	368	369	113	113	113	113	141	142	1402	-33686019	-1414812757	
142	368	436	113	32	0	112	113	113	1402	-33686019	-1414812757	
348	350	367	113	113	113	345	346	1402	0	-33686019	-1414812757	
350	351	367	113	102	113	113	1402	0	0	-33686019	-1414812757	
350	351	436	113	102	112	113	113	1402	0	-33686019	-1414812757	
350	367	368	113	113	113	113	113	1402	0	-33686019	-1414812757	
351	366	436	113	110	349	1402	0	0	0	-33686019	-1414812757	
367	368	369	113	113	113	113	141	348	1402	-33686019	-1414812757	
363	364	418	114	114	114	353	358	1402	0	-33686019	-1414812757	
364	371	418	114	111	114	114	1402	0	0	-33686019	-1414812757	
364	371	438	114	35	111	114	114	1402	0	-33686019	-1414812757	
364	418	419	114	36	113	114	114	1402	0	-33686019	-1414812757	
371	437	438	114	35	0	112	370	1402	0	-33686019	-1414812757	
418	419	420	114	36	36	36	114	362	1402	-33686019	-1414812757	
142	369	374	115	115	115	142	142	1402	0	-33686019	-1414812757	
142	374	412	115	33	0	114	115	115	1402	-33686019	-1414812757	
142	374	440	115	114	115	115	115	1402	0	-33686019	-1414812757	
142	412	1444	115	33	33	33	115	115	1402	-33686019	-1414812757	
374	423	440	115	36	115	115	1402	0	0	-33686019	-1414812757	
374	440	441	115	115	115	369	373	1402	0	-33686019	-1414812757	
407	408	423	115	37	115	115	407	1402	0	-33686019	-1414812757	
407	423	440	115	36	115	115	115	1402	0	-33686019	-1414812757	
407	423	1420	115	115	115	115	115	1402	0	-33686019	-1414812757	
407	814	1420	115	115	115	407	407	1402	0	-33686019	-1414812757	
407	1420	1444	115	115	115	115	115	1402	0	-33686019	-1414812757	
412	1420	1444	115	33	0	115	115	1402	0	-33686019	-1414812757	
1081	1420	1444	115	115	115	1076	1076	1402	0	-33686019	-1414812757	
133	134	435	116	33	116	116	116	1402	0	-33686019	-1414812757	
133	134	1074	116	33	115	132	133	1402	0	-33686019	-1414812757	
133	372	435	116	115	116	133	133	1402	0	-33686019	-1414812757	
133	435	436	116	33	115	116	116	1402	0	-33686019	-1414812757	
366	435	436	116	33	116	349	366	1402	0	-33686019	-1414812757	
118	378	380	117	117	117	117	118	1402	0	-33686019	-1414812757	
119	377	429	117	117	117	119	119	1402	0	-33686019	-1414812757	
377	380	429	117	117	117	117	1402	0	0	-33686019	-1414812757	
377	429	1410	117	117	117	117	117	1402	0	-33686019	-1414812757	
377	802	1410	117	117	117	117	117	1402	0	-33686019	-1414812757	
377	1410	1431	117	117	117	377	377	1402	0	-33686019	-1414812757	
378	380	429	117	116	117	117	117	1402	0	-33686019	-1414812757	
378	380	802	117	116	117	117	117	1402	0	-33686019	-1414812757	
378	802	1034	117	117	117	377	378	1402	0	-33686019	-1414812757	
378	802	1410	117	117	117	117	117	1402	0	-33686019	-1414812757	
380	429	430	117	117	117	139	379	1402	0	-33686019	-1414812757	
802	1037	1410	117	802	802	1402	0	0	0	-33686019	-1414812757	
139	378	380	118	116	118	118	118	1402	0	-33686019	-1414812757	
139	380	430	118	117	118	138	139	1402	0	-33686019	-1414812757	
139	380	431	118	34	0	117	118	118	1402	-33686019	-1414812757	
139	391	431	118	34	0	118	124	139	1402	-33686019	-1414812757	
378	379	380	118	34	116	0	118	1402	0	-33686019	-1414812757	
378	379	1034	118	34	118	377	378	1402	0	-33686019	-1414812757	
377	381	1411	119	119	119	119	119	1402	0	-33686019	-1414812757	
377	427	429	119	117	0	119	119	119	1402	-33686019	-1414812757	
377	429	1411	119	117	118	119	119	1402	0	-33686019	-1414812757	
377	1411	1431	119	118	119	376	377	1402	0	-33686019	-1414812757	
381	382	1411	119	119	119	137	1402	0	0	-33686019	-1414812757	
381	427	428	119	119	119	137	380	1402	0	-33686019	-1414812757	
381	427	429	119	119	119	119	119	1402	0	-33686019	-1414812757	
381	427	1411	119	119	119	119	1402	0	0	-33686019	-1414812757	
389	427	429	119	119	119	388	388	1402	0	-33686019	-1414812757	
381	382	1411	120	119	120	120	137	1402	0	-33686019	-1414812757	
382	383	384	120	120	120	137	381	1402	0	-33686019	-1414812757	
382	383	1411	120	120	120	120	1402	0	0	-33686019	-1414812757	
382	383	1432	120	120	120	120	120	1402	0	-33686019	-1414812757	
382	805	1411	120	120	120	120	1402	0	0	-33686019	-1414812757	
383	1041	1432	120	120	120	120	382	1402	0	-33686019	-1414812757	
383	1409	1432	120	120	120	121	382	1402	0	-33686019	-1414812757	
805	806	1041	120	120	120	805	805	1402	0	-33686019	-1414812757	
805	1041	1411	120	120	120	120	1402	0	0	-33686019	-1414812757	
805	1041	1432	120	120	120	120	120	1402	0	-33686019	-1414812757	
805	1411	1431	120	120	120	376	805	1402	0	-33686019	-1414812757	
1041	1409	1432	120	120	382	801	1402	0	0	-33686019	-1414812757	
122	376	379	121	34	121	121	122	1402	0	-33686019	-1414812757	
122	376	386	121	120	121	121	121	1402	0	-33686019	-1414812757	
122	376	1409	121	120	121	121	121	1402	0	-33686019	-1414812757	
122	385	386	121	121	121	121	121	1402	0	-33686019	-1414812757	
122	386	420	121	34	121	121	121	1402	0	-33686019	-1414812757	
352	385	386	121	121	121	352	352	1402	0	-33686019	-1414812757	
376	383	1409	121	121	121	121	1402	0	0	-33686019	-1414812757	
376	1409	1430	121	121	121	376	376	1402	0	-33686019	-1414812757	
383	384	385	121	121	121	352	381	1402	0	-33686019	-1414812757	
383	385	386	121	121	121	121	121	1402	0	-33686019	-1414812757	
383	385	1409	121	121	121	121	1402	0	0	-33686019	-1414812757	
383	1409	1432	121	120	121	121	382	1402	0	-33686019	-1414812757	
362	386	420	122	34	121	352	358	1402	0	-33686019	-1414812757	
376	379	1430	122	34	120	375	376	1402	0	-33686019	-1414812757	
139	390	430	123	123	123	138	139	1402	0	-33686019	-1414812757	
389	430	1413	123	35	123	123	389	1402	0	-33686019	-1414812757	
390	391	1433	123	123	123	139	389	1402	0	-33686019	-1414812757	
390	430	1413	123	122	123	123	123	1402	0	-33686019	-1414812757	
390	430	1433	123	122	123	123	123	1402	0	-33686019	-1414812757	
390	807	1433	123	123	123	123	123	1402	0	-33686019	-1414812757	
430	1055	1413	123	123	123	1402	0	0	0	-33686019	-1414812757	
807	1047	1433	123	123	807	807	1402	0	0	-33686019	-1414812757	
807	1055	1056	123	123	123	807	807	1402	0	-33686019	-1414812757	
807	1055	1413	123	123	123	123	123	1402	0	-33686019	-1414812757	
807	1055	1433	123	123	123	123	1402	0	0	-33686019	-1414812757	
810	1055	1413	123	123	123	810	810	1402	0	-33686019	-1414812757	
131	402	433	124	124	124	128	130	1402	0	-33686019	-1414812757	
139	391	431	124	118	124	124	139	1402	0	-33686019	-1414812757	
140	141	391	124	124	124	124	124	1402	0	-33686019	-1414812757	
140	141	433	124	124	124	124	124	1402	0	-33686019	-1414812757	
140	141	1437	124	124	124	139	140	1402	0	-33686019	-1414812757	
140	391	431	124	124	124	124	124	1402	0	-33686019	-1414812757	
140	391	1434	124	124	124	140	140	1402	0	-33686019	-1414812757	
141	402	433	124	123	124	124	1402	0	0	-33686019	-1414812757	
141	433	434	124	124	124	130	141	1402	0	-33686019	-1414812757	
391	431	432	124	36	124	124	124	1402	0	-33686019	-1414812757	
402	431	432	124	36	124	124	124	1402	0	-33686019	-1414812757	
402	432	433	124	124	124	1402	0	0	0	-33686019	-1414812757	
402	432	439	124	36	124	124	399	1402	0	-33686019	-1414812757	
810	1413	1435	125	35	810	810	1402	0	0	-33686019	-1414812757	
130	131	392	126	126	126	129	130	1402	0	-33686019	-1414812757	
130	392	401	126	125	126	126	126	1402	0	-33686019	-1414812757	
130	392	1414	126	125	126	126	126	1402	0	-33686019	-1414812757	
130	401	434	126	126	126	130	130	1402	0	-33686019	-1414812757	
130	401	1416	126	126	126	126	126	1402	0	-33686019	-1414812757	
392	1414	1438	126	126	126	391	392	1402	0	-33686019	-1414812757	
392	1414	1442	126	126	126	126	126	1402	0	-33686019	-1414812757	
400	401	1416	126	126	126	129	138	1402	0	-33686019	-1414812757	
401	1416	1442	126	126	126	126	126	1402	0	-33686019	-1414812757	
1067	1416	1442	126	126	126	812	1067	1402	0	-33686019	-1414812757	
1068	1414	1442	126	126	126	1066	1068	1402	0	-33686019	-1414812757	
1414	1416	1442	126	126	126	1402	0	0	0	-33686019	-1414812757	
393	394	398	127	127	127	127	127	1402	0	-33686019	-1414812757	
393	394	400	127	126	127	128	392	1402	0	-33686019	-1414812757	
393	394	1415	127	126	127	127	127	1402	0	-33686019	-1414812757	
393	395	398	127	126	127	127	127	1402	0	-33686019	-1414812757	
393	398	409	127	126	127	393	393	1402	0	-33686019	-1414812757	
394	1415	1439	127	127	127	129	393	1402	0	-33686019	-1414812757	
394	1415	1440	127	127	127	127	127	1402	0	-33686019	-1414812757	
395	397	398	127	127	128	395	1402	0	0	-33686019	-1414812757	
395	398	1440	127	127	127	127	127	1402	0	-33686019	-1414812757	
395	1415	1440	127	127	127	127	127	1402	0	-33686019	-1414812757	
395	1440	1441	127	127	127	395	395	1402	0	-33686019	-1414812757	
1059	1415	1440	127	127	127	1059	1059	1402	0	-33686019	-1414812757	
131	392	396	128	128	128	129	130	1402	0	-33686019	-1414812757	
131	395	396	128	127	128	128	128	1402	0	-33686019	-1414812757	
131	396	402	128	127	128	128	128	1402	0	-33686019	-1414812757	
131	402	421	128	128	128	128	128	1402	0	-33686019	-1414812757	
131	402	433	128	123	128	128	130	1402	0	-33686019	-1414812757	
395	396	397	128	128	128	128	128	1402	0	-33686019	-1414812757	
395	396	1441	128	128	128	394	395	1402	0	-33686019	-1414812757	
395	397	398	128	127	128	128	395	1402	0	-33686019	-1414812757	
395	397	413	128	128	128	128	128	1402	0	-33686019	-1414812757	
397	413	421	128	128	128	128	128	1402	0	-33686019	-1414812757	
397	413	422	128	128	128	135	397	1402	0	-33686019	-1414812757	
402	413	421	128	128	128	128	1402	0	0	-33686019	-1414812757	
402	421	439	128	128	128	372	399	1402	0	-33686019	-1414812757	
413	414	421	128	135	403	1402	0	0	0	-33686019	-1414812757	
393	394	400	129	127	129	129	392	1402	0	-33686019	-1414812757	
394	400	1416	129	128	129	129	129	129	1402	-33686019	-1414812757	
394	400	1439	129	128	129	129	129	129	1402	-33686019	-1414812757	
394	1415	1439	129	127	129	129	393	1402	0	-33686019	-1414812757	
394	1416	1439	129	129	129	129	129	129	1402	-33686019	-1414812757	
400	401	1416	129	126	129	138	1402	0	0	-33686019	-1414812757	
400	1416	1439	129	129	129	129	129	1402	0	-33686019	-1414812757	
812	1416	1439	129	129	129	812	812	1402	0	-33686019	-1414812757	
131	392	396	130	125	127	130	130	1402	0	-33686019	-1414812757	
131	392	433	130	125	129	130	130	1402	0	-33686019	-1414812757	
131	402	433	130	123	128	130	130	1402	0	-33686019	-1414812757	
131	433	434	130	130	130	130	130	1402	0	-33686019	-1414812757	
138	401	434	130	126	130	138	138	1402	0	-33686019	-1414812757	
141	433	434	130	124	130	130	141	1402	0	-33686019	-1414812757	
401	433	434	130	126	0	130	130	1402	0	-33686019	-1414812757	
392	396	1438	131	127	129	391	392	1402	0	-33686019	-1414812757	
135	414	415	132	132	132	135	135	1402	0	-33686019	-1414812757	
373	403	404	132	132	132	373	373	1402	0	-33686019	-1414812757	
403	404	414	132	132	132	132	132	1402	0	-33686019	-1414812757	
403	404	1417	132	132	132	132	132	1402	0	-33686019	-1414812757	
403	1417	1418	132	132	132	132	132	1402	0	-33686019	-1414812757	
403	1417	1419	132	132	132	403	403	1402	0	-33686019	-1414812757	
404	414	415	132	131	132	132	132	1402	0	-33686019	-1414812757	
404	414	421	132	132	132	373	403	1402	0	-33686019	-1414812757	
414	415	1418	132	131	132	132	132	1402	0	-33686019	-1414812757	
415	1082	1418	132	132	411	415	1402	0	0	-33686019	-1414812757	
415	1417	1418	132	132	132	132	1402	0	0	-33686019	-1414812757	
813	1417	1418	132	132	132	813	813	1402	0	-33686019	-1414812757	
134	406	1074	133	116	0	133	133	133	1402	-33686019	-1414812757	
134	815	1074	133	116	0	132	133	134	1402	-33686019	-1414812757	
370	372	435	133	116	133	362	369	1402	0	-33686019	-1414812757	
372	375	405	133	133	133	133	371	372	1402	-33686019	-1414812757	
372	375	406	133	133	133	133	133	372	1402	-33686019	-1414812757	
372	375	435	133	116	0	133	133	1402	0	-33686019	-1414812757	
375	405	406	133	133	133	372	374	1402	0	-33686019	-1414812757	
375	406	1074	133	132	133	133	133	1402	0	-33686019	-1414812757	
406	1073	1074	133	406	406	1402	0	0	0	-33686019	-1414812757	
815	816	1074	134	133	0	134	815	815	1402	-33686019	-1414812757	
815	1074	1081	134	133	133	134	134	1402	0	-33686019	-1414812757	
815	1080	1081	134	134	134	815	815	1402	0	-33686019	-1414812757	
815	1081	1445	134	33	134	134	134	1402	0	-33686019	-1414812757	
1081	1444	1445	134	33	0	33	33	1076	1402	-33686019	-1414812757	
136	410	422	135	135	135	135	136	1402	0	-33686019	-1414812757	
136	411	1443	135	135	135	136	136	1402	0	-33686019	-1414812757	
136	413	422	135	134	135	135	135	1402	0	-33686019	-1414812757	
136	422	1443	135	134	135	135	135	1402	0	-33686019	-1414812757	
136	1422	1443	135	135	135	135	135	1402	0	-33686019	-1414812757	
397	413	422	135	128	135	135	397	1402	0	-33686019	-1414812757	
413	414	415	135	131	135	135	135	1402	0	-33686019	-1414812757	
413	414	421	135	128	135	135	403	1402	0	-33686019	-1414812757	
413	414	422	135	135	135	1402	0	0	0	-33686019	-1414812757	
414	415	1423	135	131	135	135	135	1402	0	-33686019	-1414812757	
415	1082	1423	135	135	415	415	1402	0	0	-33686019	-1414812757	
415	1422	1423	135	135	135	135	1402	0	0	-33686019	-1414812757	
817	1422	1443	135	135	135	817	817	1402	0	-33686019	-1414812757	
1090	1422	1423	135	135	135	817	1082	1402	0	-33686019	-1414812757	
1422	1423	1443	135	135	135	1402	0	0	0	-33686019	-1414812757	
397	410	422	136	134	136	397	397	1402	0	-33686019	-1414812757	
409	410	411	136	136	136	397	407	1402	0	-33686019	-1414812757	
410	411	422	136	134	0	136	136	1402	0	-33686019	-1414812757	
410	411	1443	136	135	136	136	136	1402	0	-33686019	-1414812757	
411	1421	1443	136	135	0	408	408	1402	0	-33686019	-1414812757	
369	416	417	137	137	137	137	349	369	1402	-33686019	-1414812757	
369	416	441	137	136	137	137	366	369	1402	-33686019	-1414812757	
381	382	384	137	137	137	137	137	1402	0	-33686019	-1414812757	
381	382	428	137	137	137	137	137	1402	0	-33686019	-1414812757	
381	382	1411	137	119	119	137	137	1402	0	-33686019	-1414812757	
381	427	428	137	119	137	137	380	1402	0	-33686019	-1414812757	
381	428	442	137	137	137	137	137	1402	0	-33686019	-1414812757	
382	383	384	137	120	137	381	1402	0	0	-33686019	-1414812757	
382	384	417	137	102	137	137	137	1402	0	-33686019	-1414812757	
384	416	417	137	102	0	136	137	1402	0	-33686019	-1414812757	
416	417	441	137	136	137	137	369	1402	0	-33686019	-1414812757	
416	441	442	137	137	137	137	137	1402	0	-33686019	-1414812757	
425	428	442	137	137	137	137	388	424	1402	-33686019	-1414812757	
425	441	442	137	137	137	137	424	425	1402	-33686019	-1414812757	
428	441	442	137	137	137	424	1402	0	0	-33686019	-1414812757	
387	426	434	138	138	138	140	387	1402	0	-33686019	-1414812757	
388	424	425	138	35	138	138	388	1402	0	-33686019	-1414812757	
400	401	425	138	37	0	138	138	138	1402	-33686019	-1414812757	
400	401	434	138	130	138	138	138	1402	0	-33686019	-1414812757	
400	401	1416	138	126	129	138	138	1402	0	-33686019	-1414812757	
400	424	425	138	37	0	138	138	138	1402	-33686019	-1414812757	
401	426	434	138	130	0	137	138	1402	0	-33686019	-1414812757	
424	425	426	138	138	138	138	138	1402	0	-33686019	-1414812757	
424	426	434	138	137	138	138	138	1402	0	-33686019	-1414812757	
424	426	1412	138	138	138	383	415	1402	0	-33686019	-1414812757	
380	390	430	139	118	0	122	139	139	1402	-33686019	-1414812757	
380	429	430	139	117	118	0	138	379	1402	-33686019	-1414812757	
390	391	430	139	122	0	139	139	1402	0	-33686019	-1414812757	
390	391	431	139	118	124	139	139	1402	0	-33686019	-1414812757	
390	391	1433	139	123	139	139	389	1402	0	-33686019	-1414812757	
141	387	1437	140	124	0	140	141	141	1402	-33686019	-1414812757	
141	1434	1437	140	124	0	139	140	140	1402	-33686019	-1414812757	
391	1433	1434	140	124	0	140	389	390	1402	-33686019	-1414812757	
391	1434	1437	140	124	140	140	140	1402	0	-33686019	-1414812757	
1049	1434	1437	140	140	140	1047	1049	1402	0	-33686019	-1414812757	
387	426	434	141	137	141	141	387	1402	0	-33686019	-1414812757	
387	433	434	141	124	130	140	141	1402	0	-33686019	-1414812757	
387	434	1437	141	139	0	140	141	141	1402	-33686019	-1414812757	
387	1436	1437	141	139	0	141	387	387	1402	-33686019	-1414812757	
367	368	369	142	113	113	113	142	348	1402	-33686019	-1414812757	
368	369	374	142	113	114	141	142	1402	0	-33686019	-1414812757	
369	374	441	142	114	142	366	369	1402	0	-33686019	-1414812757	
144	145	446	143	27	0	143	144	144	1402	-33686019	-1414812757	
144	446	457	143	27	142	143	143	1402	0	-33686019	-1414812757	
151	456	457	143	27	143	151	151	1402	0	-33686019	-1414812757	
446	447	457	143	143	155	444	1402	0	0	-33686019	-1414812757	
446	456	457	143	27	143	143	1402	0	0	-33686019	-1414812757	
145	274	443	144	59	73	144	145	1402	0	-33686019	-1414812757	
145	274	446	144	73	142	0	143	144	1402	-33686019	-1414812757	
145	444	446	144	142	0	144	145	145	1402	-33686019	-1414812757	
147	443	444	145	145	145	146	146	1402	0	-33686019	-1414812757	
274	443	444	145	59	143	144	145	1402	0	-33686019	-1414812757	
443	444	446	145	144	144	145	145	1402	0	-33686019	-1414812757	
444	445	446	145	144	0	425	444	1402	0	-33686019	-1414812757	
147	242	443	146	60	146	146	146	1402	0	-33686019	-1414812757	
147	443	444	146	144	145	146	146	1402	0	-33686019	-1414812757	
147	443	674	146	145	146	146	146	1402	0	-33686019	-1414812757	
147	450	674	146	146	146	147	147	1402	0	-33686019	-1414812757	
147	674	688	146	146	146	146	146	1402	0	-33686019	-1414812757	
242	251	252	146	146	146	241	242	1402	0	-33686019	-1414812757	
242	252	443	146	60	0	146	146	1402	0	-33686019	-1414812757	
242	252	688	146	146	146	146	146	1402	0	-33686019	-1414812757	
252	674	688	146	146	146	146	1402	0	0	-33686019	-1414812757	
252	688	689	146	146	146	252	252	1402	0	-33686019	-1414812757	
674	675	688	146	449	672	1402	0	0	0	-33686019	-1414812757	
443	444	450	147	144	146	147	147	1402	0	-33686019	-1414812757	
444	445	450	147	147	153	444	1402	0	0	-33686019	-1414812757	
444	450	674	147	146	146	147	147	1402	0	-33686019	-1414812757	
449	450	674	147	146	147	153	447	1402	0	-33686019	-1414812757	
149	241	683	148	148	148	149	149	1402	0	-33686019	-1414812757	
149	452	454	148	148	148	148	148	1402	0	-33686019	-1414812757	
149	454	455	148	148	148	149	149	1402	0	-33686019	-1414812757	
149	454	683	148	147	148	148	148	1402	0	-33686019	-1414812757	
149	683	700	148	147	148	148	148	1402	0	-33686019	-1414812757	
150	451	452	148	32	148	148	150	1402	0	-33686019	-1414812757	
162	451	700	148	148	148	161	162	1402	0	-33686019	-1414812757	
451	452	454	148	148	148	148	148	1402	0	-33686019	-1414812757	
451	452	700	148	148	148	148	1402	0	0	-33686019	-1414812757	
451	683	700	148	148	148	148	1402	0	0	-33686019	-1414812757	
452	454	484	148	148	148	449	452	1402	0	-33686019	-1414812757	
503	683	700	148	148	148	163	503	1402	0	-33686019	-1414812757	
159	448	455	149	149	149	159	159	1402	0	-33686019	-1414812757	
241	448	449	149	149	149	158	240	1402	0	-33686019	-1414812757	
241	448	455	149	148	149	149	149	1402	0	-33686019	-1414812757	
241	448	683	149	147	0	149	149	149	1402	-33686019	-1414812757	
241	676	683	149	147	0	149	241	241	1402	-33686019	-1414812757	
448	454	455	149	148	149	1402	0	0	0	-33686019	-1414812757	
454	455	485	149	148	149	452	454	1402	0	-33686019	-1414812757	
151	357	459	150	32	150	151	151	1402	0	-33686019	-1414812757	
157	453	459	150	150	150	155	157	1402	0	-33686019	-1414812757	
357	453	459	150	32	0	150	150	1402	0	-33686019	-1414812757	
451	452	453	150	32	148	150	150	1402	0	-33686019	-1414812757	
452	453	459	150	150	150	150	150	1402	0	-33686019	-1414812757	
452	453	484	150	150	150	156	449	1402	0	-33686019	-1414812757	
157	458	459	151	151	151	156	157	1402	0	-33686019	-1414812757	
355	356	456	151	108	151	151	354	1402	0	-33686019	-1414812757	
356	357	456	151	105	151	151	1402	0	0	-33686019	-1414812757	
356	357	459	151	105	149	151	151	1402	0	-33686019	-1414812757	
356	456	457	151	143	151	151	151	1402	0	-33686019	-1414812757	
357	458	459	151	149	0	150	151	1402	0	-33686019	-1414812757	
456	457	458	151	143	151	151	151	1402	0	-33686019	-1414812757	
457	458	459	151	150	151	151	151	1402	0	-33686019	-1414812757	
457	458	479	151	151	151	155	157	1402	0	-33686019	-1414812757	
153	159	460	152	152	152	152	153	1402	0	-33686019	-1414812757	
159	455	486	152	152	152	159	159	1402	0	-33686019	-1414812757	
159	460	462	152	151	152	152	152	1402	0	-33686019	-1414812757	
159	460	486	152	151	152	152	152	1402	0	-33686019	-1414812757	
159	461	486	152	152	152	152	152	1402	0	-33686019	-1414812757	
460	461	462	152	152	152	152	1402	0	0	-33686019	-1414812757	
460	462	463	152	152	152	455	460	1402	0	-33686019	-1414812757	
461	462	486	152	152	152	152	1402	0	0	-33686019	-1414812757	
461	462	646	152	152	152	460	461	1402	0	-33686019	-1414812757	
461	473	486	152	152	461	461	1402	0	0	-33686019	-1414812757	
154	159	460	153	151	153	153	153	1402	0	-33686019	-1414812757	
154	445	450	153	153	153	153	154	1402	0	-33686019	-1414812757	
154	449	450	153	153	153	153	153	1402	0	-33686019	-1414812757	
154	450	460	153	152	153	153	153	1402	0	-33686019	-1414812757	
154	460	474	153	152	153	154	154	1402	0	-33686019	-1414812757	
159	448	449	153	153	153	158	159	1402	0	-33686019	-1414812757	
159	449	450	153	153	153	153	153	1402	0	-33686019	-1414812757	
159	449	460	153	151	0	153	153	1402	0	-33686019	-1414812757	
449	450	674	153	147	153	153	447	1402	0	-33686019	-1414812757	
444	445	450	154	147	153	154	444	1402	0	-33686019	-1414812757	
445	447	475	154	154	154	445	445	1402	0	-33686019	-1414812757	
445	450	475	154	153	153	154	154	1402	0	-33686019	-1414812757	
445	474	475	154	154	154	154	154	1402	0	-33686019	-1414812757	
460	463	474	154	153	0	154	455	460	1402	-33686019	-1414812757	
460	474	475	154	153	154	154	154	1402	0	-33686019	-1414812757	
464	474	475	154	154	154	463	464	1402	0	-33686019	-1414812757	
158	479	480	155	155	155	158	158	1402	0	-33686019	-1414812757	
446	447	457	155	143	155	155	444	1402	0	-33686019	-1414812757	
447	457	477	155	155	155	155	155	1402	0	-33686019	-1414812757	
447	457	479	155	155	155	155	155	1402	0	-33686019	-1414812757	
447	475	477	155	155	155	445	445	1402	0	-33686019	-1414812757	
447	477	478	155	155	155	155	155	1402	0	-33686019	-1414812757	
457	458	479	155	151	155	157	1402	0	0	-33686019	-1414812757	
457	479	480	155	154	155	155	155	1402	0	-33686019	-1414812757	
465	477	478	155	155	155	465	465	1402	0	-33686019	-1414812757	
468	478	480	155	155	155	466	467	1402	0	-33686019	-1414812757	
477	478	480	155	155	155	155	155	1402	0	-33686019	-1414812757	
478	479	480	155	154	155	1402	0	0	0	-33686019	-1414812757	
157	453	459	156	150	156	156	157	1402	0	-33686019	-1414812757	
157	453	483	156	155	156	156	156	156	1402	-33686019	-1414812757	
157	453	484	156	155	156	156	156	156	1402	-33686019	-1414812757	
157	482	483	156	156	156	157	157	1402	0	-33686019	-1414812757	
157	483	484	156	156	156	156	156	156	1402	-33686019	-1414812757	
452	453	484	156	150	156	156	449	1402	0	-33686019	-1414812757	
453	483	484	156	156	156	156	1402	0	0	-33686019	-1414812757	
471	483	484	156	156	156	470	471	1402	0	-33686019	-1414812757	
158	458	459	157	150	157	157	157	1402	0	-33686019	-1414812757	
158	458	479	157	156	157	157	158	1402	0	-33686019	-1414812757	
158	458	481	157	156	157	157	157	1402	0	-33686019	-1414812757	
158	480	481	157	157	157	158	158	1402	0	-33686019	-1414812757	
158	481	482	157	157	157	157	157	1402	0	-33686019	-1414812757	
453	458	459	157	150	0	150	155	0	156	1402	-1414812757	
469	481	482	157	157	157	468	469	1402	0	-33686019	-1414812757	
470	482	483	157	156	157	469	470	1402	0	-33686019	-1414812757	
481	482	483	157	156	157	157	157	1402	0	-33686019	-1414812757	
457	458	479	158	151	155	157	158	1402	0	-33686019	-1414812757	
458	479	480	158	154	157	157	158	1402	0	-33686019	-1414812757	
469	480	481	158	157	158	468	469	1402	0	-33686019	-1414812757	
479	480	481	158	154	157	158	158	1402	0	-33686019	-1414812757	
241	448	449	159	149	153	159	240	1402	0	-33686019	-1414812757	
448	449	455	159	148	0	153	158	159	1402	-33686019	-1414812757	
448	455	486	159	148	152	159	159	1402	0	-33686019	-1414812757	
455	485	486	159	152	0	454	454	1402	0	-33686019	-1414812757	
161	207	208	160	160	160	160	160	1402	0	-33686019	-1414812757	
161	207	467	160	37	0	159	160	160	1402	-33686019	-1414812757	
161	207	491	160	159	160	160	161	1402	0	-33686019	-1414812757	
161	466	467	160	37	0	160	161	161	1402	-33686019	-1414812757	
207	208	594	160	159	160	206	207	1402	0	-33686019	-1414812757	
207	208	597	160	38	159	160	160	1402	0	-33686019	-1414812757	
208	596	597	160	38	0	208	208	1402	0	-33686019	-1414812757	
207	210	491	161	160	0	161	207	207	1402	-33686019	-1414812757	
207	466	491	161	160	0	160	161	161	1402	-33686019	-1414812757	
465	466	467	161	160	161	463	464	1402	0	-33686019	-1414812757	
466	467	491	161	160	161	161	1402	0	0	-33686019	-1414812757	
466	489	491	161	161	464	465	1402	0	0	-33686019	-1414812757	
163	451	700	162	148	162	162	162	1402	0	-33686019	-1414812757	
163	503	700	162	161	162	163	163	1402	0	-33686019	-1414812757	
163	504	505	162	162	162	163	163	1402	0	-33686019	-1414812757	
163	505	700	162	161	162	162	162	1402	0	-33686019	-1414812757	
163	505	701	162	162	162	162	162	1402	0	-33686019	-1414812757	
256	451	700	162	32	148	161	162	1402	0	-33686019	-1414812757	
256	451	701	162	32	162	162	162	1402	0	-33686019	-1414812757	
256	505	701	162	162	162	162	162	1402	0	-33686019	-1414812757	
256	684	701	162	32	162	162	248	1402	0	-33686019	-1414812757	
505	701	702	162	162	162	248	330	1402	0	-33686019	-1414812757	
269	504	705	163	163	163	269	269	1402	0	-33686019	-1414812757	
330	504	505	163	162	163	330	330	1402	0	-33686019	-1414812757	
503	504	705	163	48	0	162	163	163	1402	-33686019	-1414812757	
503	683	700	163	148	162	0	163	503	1402	-33686019	-1414812757	
503	700	705	163	48	0	162	163	163	1402	-33686019	-1414812757	
504	505	705	163	162	163	1402	0	0	0	-33686019	-1414812757	
165	166	507	164	39	0	164	164	165	1402	-33686019	-1414812757	
165	506	507	164	39	0	163	164	164	1402	-33686019	-1414812757	
201	506	566	164	39	0	164	164	164	1402	-33686019	-1414812757	
201	566	574	164	39	164	200	201	1402	0	-33686019	-1414812757	
506	507	510	164	164	164	168	194	1402	0	-33686019	-1414812757	
506	507	566	164	164	164	164	1402	0	0	-33686019	-1414812757	
506	566	568	164	164	164	195	503	1402	0	-33686019	-1414812757	
166	169	507	165	163	0	165	166	166	1402	-33686019	-1414812757	
166	507	543	165	39	0	163	164	165	1402	-33686019	-1414812757	
166	543	544	165	39	165	166	166	1402	0	-33686019	-1414812757	
167	508	544	166	166	166	167	167	1402	0	-33686019	-1414812757	
168	169	507	166	164	166	166	166	1402	0	-33686019	-1414812757	
168	169	508	166	166	166	166	166	1402	0	-33686019	-1414812757	
168	169	511	166	166	166	167	168	1402	0	-33686019	-1414812757	
168	508	509	166	166	166	166	168	1402	0	-33686019	-1414812757	
168	508	544	166	165	166	166	166	1402	0	-33686019	-1414812757	
169	507	510	166	164	166	168	169	1402	0	-33686019	-1414812757	
189	543	544	166	165	166	188	189	1402	0	-33686019	-1414812757	
508	543	544	166	165	166	1402	0	0	0	-33686019	-1414812757	
168	508	509	167	166	167	167	168	1402	0	-33686019	-1414812757	
190	509	547	167	167	167	190	190	1402	0	-33686019	-1414812757	
191	551	552	167	167	167	191	191	1402	0	-33686019	-1414812757	
