6	0	757	795	1123	830	796	1008	0	0	0	0	0	0	0	0	0	0	0	0	
8	1	855	743	856	1014	993	992	742	1426	0	0	0	0	0	0	0	0	0	0	
7	2	763	772	977	1202	969	772	771	0	0	0	0	0	0	0	0	0	0	0	
5	3	961	850	774	1331	1333	0	0	0	0	0	0	0	0	0	0	0	0	0	
7	4	930	770	777	756	769	963	746	0	0	0	0	0	0	0	0	0	0	0	
8	5	786	835	854	909	1009	1347	1183	1348	0	0	0	0	0	0	0	0	0	0	
9	6	791	820	1003	1046	1015	1086	1044	1087	1407	0	0	0	0	0	0	0	0	0	
6	7	989	853	990	851	1425	1427	0	0	0	0	0	0	0	0	0	0	0	0	
7	8	1069	1058	1063	1062	1062	1106	1098	0	0	0	0	0	0	0	0	0	0	0	
5	9	880	842	1133	1135	1260	0	0	0	0	0	0	0	0	0	0	0	0	0	
8	10	1173	865	1295	872	876	845	1293	1296	0	0	0	0	0	0	0	0	0	0	
9	11	1373	933	1168	1354	1355	1370	1371	1371	1387	0	0	0	0	0	0	0	0	0	
6	12	927	746	930	775	932	745	0	0	0	0	0	0	0	0	0	0	0	0	
6	13	962	773	961	975	976	977	0	0	0	0	0	0	0	0	0	0	0	0	
5	14	773	1333	774	780	981	0	0	0	0	0	0	0	0	0	0	0	0	0	
7	15	780	980	776	981	978	979	984	0	0	0	0	0	0	0	0	0	0	0	
5	16	839	1117	1122	1116	1138	0	0	0	0	0	0	0	0	0	0	0	0	0	
5	17	1180	1331	899	1330	1179	0	0	0	0	0	0	0	0	0	0	0	0	0	
6	18	1214	865	1297	1207	1213	1298	0	0	0	0	0	0	0	0	0	0	0	0	
6	19	1225	1235	1246	1234	1451	879	0	0	0	0	0	0	0	0	0	0	0	0	
7	20	878	1292	1249	1238	1250	1228	1240	0	0	0	0	0	0	0	0	0	0	0	
7	21	781	1336	1328	1327	1335	1350	1380	0	0	0	0	0	0	0	0	0	0	0	
7	22	1380	1396	1389	1383	1382	918	920	0	0	0	0	0	0	0	0	0	0	0	
7	23	529	1426	58	342	361	179	341	0	0	0	0	0	0	0	0	0	0	0	
7	24	61	278	71	295	72	277	64	0	0	0	0	0	0	0	0	0	0	0	
7	25	62	86	313	278	71	85	94	0	0	0	0	0	0	0	0	0	0	0	
7	26	276	305	275	301	68	301	302	0	0	0	0	0	0	0	0	0	0	0	
5	27	107	108	144	456	143	0	0	0	0	0	0	0	0	0	0	0	0	0	
4	28	85	315	314	87	0	0	0	0	0	0	0	0	0	0	0	0	0	0	
5	29	334	90	670	170	667	0	0	0	0	0	0	0	0	0	0	0	0	0	
5	30	329	91	668	96	334	0	0	0	0	0	0	0	0	0	0	0	0	0	
6	31	325	90	91	311	323	324	0	0	0	0	0	0	0	0	0	0	0	0	
8	32	520	357	684	451	99	150	177	256	0	0	0	0	0	0	0	0	0	0	
8	33	142	134	116	116	436	412	1444	1445	0	0	0	0	0	0	0	0	0	0	
4	34	379	118	420	122	0	0	0	0	0	0	0	0	0	0	0	0	0	0	
6	35	125	1413	1413	1435	424	389	0	0	0	0	0	0	0	0	0	0	0	0	
8	36	420	431	419	114	438	432	439	432	0	0	0	0	0	0	0	0	0	0	
7	37	425	400	408	423	440	399	408	0	0	0	0	0	0	0	0	0	0	0	
5	38	467	160	468	492	597	0	0	0	0	0	0	0	0	0	0	0	0	0	
9	39	164	165	543	637	635	634	196	201	636	0	0	0	0	0	0	0	0	0	
5	40	174	1427	340	173	1425	0	0	0	0	0	0	0	0	0	0	0	0	0	
6	41	173	522	635	176	636	636	0	0	0	0	0	0	0	0	0	0	0	0	
4	42	573	205	578	590	0	0	0	0	0	0	0	0	0	0	0	0	0	0	
6	43	217	602	614	498	612	613	0	0	0	0	0	0	0	0	0	0	0	0	
6	44	184	530	59	225	226	529	0	0	0	0	0	0	0	0	0	0	0	0	
6	45	516	667	667	517	245	236	0	0	0	0	0	0	0	0	0	0	0	0	
6	46	243	237	287	276	662	678	0	0	0	0	0	0	0	0	0	0	0	0	
10	47	665	666	685	671	244	669	669	672	711	699	0	0	0	0	0	0	0	0	
9	48	281	691	705	692	503	704	706	707	52	0	0	0	0	0	0	0	0	0	
5	49	262	712	257	713	714	0	0	0	0	0	0	0	0	0	0	0	0	0	
5	50	708	260	710	732	733	0	0	0	0	0	0	0	0	0	0	0	0	0	
4	51	706	258	709	735	0	0	0	0	0	0	0	0	0	0	0	0	0	0	
6	52	729	705	730	48	707	271	0	0	0	0	0	0	0	0	0	0	0	0	
5	53	265	57	713	737	737	0	0	0	0	0	0	0	0	0	0	0	0	0	
7	54	329	328	95	327	326	326	96	0	0	0	0	0	0	0	0	0	0	0	
9	55	1315	650	650	654	647	1467	654	657	1318	0	0	0	0	0	0	0	0	0	
10	56	1322	233	233	658	653	653	652	1469	1320	1470	0	0	0	0	0	0	0	0	
8	57	53	265	709	737	727	1481	1483	1483	0	0	0	0	0	0	0	0	0	0	
6	58	529	59	361	23	298	298	0	0	0	0	0	0	0	0	0	0	0	0	
8	59	184	184	273	58	529	529	44	298	0	0	0	0	0	0	0	0	0	0	
8	60	237	274	679	276	275	275	242	443	0	0	0	0	0	0	0	0	0	0	
7	61	277	24	291	64	64	280	289	0	0	0	0	0	0	0	0	0	0	0	
7	62	278	92	63	25	64	94	326	0	0	0	0	0	0	0	0	0	0	0	
6	63	62	64	92	279	280	280	0	0	0	0	0	0	0	0	0	0	0	0	
8	64	278	278	62	63	280	61	61	24	0	0	0	0	0	0	0	0	0	0	
9	65	283	285	704	281	696	687	687	703	696	0	0	0	0	0	0	0	0	0	
7	66	235	335	336	67	279	280	280	0	0	0	0	0	0	0	0	0	0	0	
5	67	66	286	280	286	288	0	0	0	0	0	0	0	0	0	0	0	0	0	
6	68	290	305	292	276	276	26	0	0	0	0	0	0	0	0	0	0	0	0	
6	69	294	316	70	307	306	306	0	0	0	0	0	0	0	0	0	0	0	0	
6	70	316	293	296	294	294	69	0	0	0	0	0	0	0	0	0	0	0	0	
7	71	278	24	86	72	278	25	293	0	0	0	0	0	0	0	0	0	0	0	
5	72	296	295	71	24	293	0	0	0	0	0	0	0	0	0	0	0	0	0	
7	73	107	144	74	361	298	298	110	0	0	0	0	0	0	0	0	0	0	0	
7	74	144	144	73	298	301	274	300	0	0	0	0	0	0	0	0	0	0	0	
8	75	76	77	77	300	299	273	273	272	0	0	0	0	0	0	0	0	0	0	
8	76	75	308	294	272	303	77	519	519	0	0	0	0	0	0	0	0	0	0	
11	77	75	75	76	303	303	304	305	302	302	300	305	0	0	0	0	0	0	0	
7	78	321	306	307	307	181	318	79	0	0	0	0	0	0	0	0	0	0	0	
7	79	181	519	307	308	308	78	518	0	0	0	0	0	0	0	0	0	0	0	
8	80	81	312	625	536	185	89	318	220	0	0	0	0	0	0	0	0	0	0	
7	81	80	536	309	325	312	311	311	0	0	0	0	0	0	0	0	0	0	0	
7	82	328	84	84	323	328	322	329	0	0	0	0	0	0	0	0	0	0	0	
5	83	313	328	95	84	314	0	0	0	0	0	0	0	0	0	0	0	0	0	
8	84	82	82	328	83	315	323	314	314	0	0	0	0	0	0	0	0	0	0	
8	85	86	87	87	28	313	25	314	314	0	0	0	0	0	0	0	0	0	0	
6	86	85	71	293	293	87	25	0	0	0	0	0	0	0	0	0	0	0	0	
10	87	85	85	86	293	316	317	317	315	315	28	0	0	0	0	0	0	0	0	
7	88	325	324	89	312	89	319	320	0	0	0	0	0	0	0	0	0	0	0	
8	89	88	88	320	80	312	318	321	321	0	0	0	0	0	0	0	0	0	0	
9	90	334	91	31	310	170	170	29	311	311	0	0	0	0	0	0	0	0	0	
10	91	329	329	90	334	334	30	31	322	323	323	0	0	0	0	0	0	0	0	
5	92	62	279	63	93	326	0	0	0	0	0	0	0	0	0	0	0	0	0	
8	93	335	337	279	92	327	326	326	336	0	0	0	0	0	0	0	0	0	0	
5	94	313	95	326	62	25	0	0	0	0	0	0	0	0	0	0	0	0	0	
6	95	313	83	94	326	328	54	0	0	0	0	0	0	0	0	0	0	0	0	
7	96	329	666	666	333	668	54	30	0	0	0	0	0	0	0	0	0	0	0	
10	97	339	98	98	344	417	340	349	349	348	103	0	0	0	0	0	0	0	0	
10	98	97	97	341	339	1427	1427	1428	343	343	344	0	0	0	0	0	0	0	0	
8	99	101	104	520	520	357	32	106	106	0	0	0	0	0	0	0	0	0	0	
7	100	174	520	101	101	175	345	346	0	0	0	0	0	0	0	0	0	0	0	
7	101	99	520	100	100	346	347	104	0	0	0	0	0	0	0	0	0	0	0	
8	102	347	346	346	350	104	104	351	111	0	0	0	0	0	0	0	0	0	0	
6	103	417	384	384	97	344	352	0	0	0	0	0	0	0	0	0	0	0	0	
9	104	99	105	105	347	102	102	111	101	106	0	0	0	0	0	0	0	0	0	
8	105	370	112	106	104	104	111	365	366	0	0	0	0	0	0	0	0	0	0	
8	106	105	365	357	99	99	104	356	356	0	0	0	0	0	0	0	0	0	0	
7	107	110	73	144	27	108	109	110	0	0	0	0	0	0	0	0	0	0	0	
8	108	355	354	107	27	109	109	456	456	0	0	0	0	0	0	0	0	0	0	
8	109	354	107	108	108	110	358	359	359	0	0	0	0	0	0	0	0	0	0	
7	110	107	107	109	359	361	73	360	0	0	0	0	0	0	0	0	0	0	0	
5	111	105	104	351	366	102	0	0	0	0	0	0	0	0	0	0	0	0	0	
6	112	105	371	364	365	370	437	0	0	0	0	0	0	0	0	0	0	0	0	
6	113	436	351	350	367	368	142	0	0	0	0	0	0	0	0	0	0	0	0	
6	114	364	371	364	419	36	438	0	0	0	0	0	0	0	0	0	0	0	0	
8	115	412	142	1420	374	407	423	1444	440	0	0	0	0	0	0	0	0	0	0	
6	116	134	133	33	436	33	435	0	0	0	0	0	0	0	0	0	0	0	0	
6	117	377	429	378	1410	802	802	0	0	0	0	0	0	0	0	0	0	0	0	
7	118	380	379	34	379	139	431	431	0	0	0	0	0	0	0	0	0	0	0	
6	119	1411	1411	377	429	427	381	0	0	0	0	0	0	0	0	0	0	0	0	
8	120	382	383	383	805	1411	1432	1041	1041	0	0	0	0	0	0	0	0	0	0	
7	121	1409	376	376	383	386	386	122	0	0	0	0	0	0	0	0	0	0	0	
6	122	379	379	420	376	121	34	0	0	0	0	0	0	0	0	0	0	0	0	
5	123	1413	430	1055	390	1433	0	0	0	0	0	0	0	0	0	0	0	0	0	
7	124	432	141	141	391	402	433	431	0	0	0	0	0	0	0	0	0	0	0	
4	125	1435	35	1413	1413	0	0	0	0	0	0	0	0	0	0	0	0	0	0	
8	126	1416	401	401	130	392	1414	1442	1414	0	0	0	0	0	0	0	0	0	0	
7	127	395	398	393	394	1415	1440	1415	0	0	0	0	0	0	0	0	0	0	0	
8	128	413	397	396	421	413	395	395	131	0	0	0	0	0	0	0	0	0	0	
5	129	394	400	1416	1416	1439	0	0	0	0	0	0	0	0	0	0	0	0	0	
6	130	126	392	392	433	131	401	0	0	0	0	0	0	0	0	0	0	0	0	
7	131	396	396	392	130	402	128	433	0	0	0	0	0	0	0	0	0	0	0	
8	132	415	414	414	404	403	403	1417	1418	0	0	0	0	0	0	0	0	0	0	
8	133	1074	116	375	372	372	435	406	134	0	0	0	0	0	0	0	0	0	0	
8	134	1445	1081	116	33	1074	133	815	1074	0	0	0	0	0	0	0	0	0	0	
9	135	422	413	414	1422	1443	1443	136	1423	415	0	0	0	0	0	0	0	0	0	
5	136	410	422	411	135	1443	0	0	0	0	0	0	0	0	0	0	0	0	0	
8	137	441	428	442	382	381	384	417	417	0	0	0	0	0	0	0	0	0	0	
7	138	425	425	401	426	434	424	401	0	0	0	0	0	0	0	0	0	0	0	
5	139	390	380	430	118	431	0	0	0	0	0	0	0	0	0	0	0	0	0	
5	140	1434	141	1437	1437	391	0	0	0	0	0	0	0	0	0	0	0	0	0	
7	141	434	140	124	124	433	387	1437	0	0	0	0	0	0	0	0	0	0	0	
8	142	115	369	412	33	374	113	368	436	0	0	0	0	0	0	0	0	0	0	
6	143	446	457	144	144	456	27	0	0	0	0	0	0	0	0	0	0	0	0	
11	144	74	274	274	145	107	73	74	446	143	143	27	0	0	0	0	0	0	0	
6	145	144	274	446	443	444	444	0	0	0	0	0	0	0	0	0	0	0	0	
6	146	147	443	674	242	242	252	0	0	0	0	0	0	0	0	0	0	0	0	
6	147	146	674	674	450	444	444	0	0	0	0	0	0	0	0	0	0	0	0	
8	148	451	451	452	454	149	683	683	700	0	0	0	0	0	0	0	0	0	0	
7	149	241	455	448	454	454	683	148	0	0	0	0	0	0	0	0	0	0	0	
6	150	357	459	453	451	32	452	0	0	0	0	0	0	0	0	0	0	0	0	
6	151	357	459	356	456	457	458	0	0	0	0	0	0	0	0	0	0	0	0	
5	152	461	486	460	159	462	0	0	0	0	0	0	0	0	0	0	0	0	0	
5	153	449	154	450	159	460	0	0	0	0	0	0	0	0	0	0	0	0	0	
7	154	445	450	153	474	475	460	460	0	0	0	0	0	0	0	0	0	0	0	
6	155	478	447	457	479	477	480	0	0	0	0	0	0	0	0	0	0	0	0	
4	156	157	483	484	453	0	0	0	0	0	0	0	0	0	0	0	0	0	0	
10	157	156	459	458	158	158	481	453	453	482	483	0	0	0	0	0	0	0	0	
7	158	479	157	458	157	480	480	481	0	0	0	0	0	0	0	0	0	0	0	
7	159	486	449	448	152	153	460	455	0	0	0	0	0	0	0	0	0	0	0	
8	160	467	467	208	597	597	38	207	207	0	0	0	0	0	0	0	0	0	0	
5	161	466	467	467	207	491	0	0	0	0	0	0	0	0	0	0	0	0	0	
7	162	256	700	163	505	701	451	700	0	0	0	0	0	0	0	0	0	0	0	
7	163	503	162	505	705	504	504	700	0	0	0	0	0	0	0	0	0	0	0	
7	164	39	566	506	507	165	201	201	0	0	0	0	0	0	0	0	0	0	0	
4	165	39	164	507	543	0	0	0	0	0	0	0	0	0	0	0	0	0	0	
7	166	169	508	507	543	168	168	544	0	0	0	0	0	0	0	0	0	0	0	
7	167	547	552	551	544	508	508	509	0	0	0	0	0	0	0	0	0	0	0	
7	168	513	169	511	508	166	166	509	0	0	0	0	0	0	0	0	0	0	0	
5	169	166	507	168	510	511	0	0	0	0	0	0	0	0	0	0	0	0	0	
9	170	667	533	187	187	517	310	90	90	29	0	0	0	0	0	0	0	0	0	
6	171	272	618	184	273	172	183	0	0	0	0	0	0	0	0	0	0	0	0	
8	172	519	618	618	182	518	272	272	171	0	0	0	0	0	0	0	0	0	0	
9	173	176	41	174	174	636	1425	1425	40	636	0	0	0	0	0	0	0	0	0	
10	174	345	100	176	173	173	40	175	175	340	340	0	0	0	0	0	0	0	0	
7	175	520	176	174	174	100	521	224	0	0	0	0	0	0	0	0	0	0	0	
7	176	173	174	175	522	41	224	224	0	0	0	0	0	0	0	0	0	0	0	
9	177	684	178	178	223	684	520	32	521	521	0	0	0	0	0	0	0	0	0	
9	178	177	177	223	684	248	525	629	630	631	0	0	0	0	0	0	0	0	0	
8	179	526	527	1426	1426	529	23	530	530	0	0	0	0	0	0	0	0	0	0	
7	180	1425	526	1426	1426	638	636	637	0	0	0	0	0	0	0	0	0	0	0	
7	181	79	518	528	531	318	78	532	0	0	0	0	0	0	0	0	0	0	0	
5	182	618	518	172	518	620	0	0	0	0	0	0	0	0	0	0	0	0	0	
7	183	184	225	642	619	618	171	618	0	0	0	0	0	0	0	0	0	0	0	
7	184	183	273	59	59	44	171	225	0	0	0	0	0	0	0	0	0	0	0	
7	185	625	318	531	80	532	532	221	0	0	0	0	0	0	0	0	0	0	0	
6	186	222	524	245	523	516	247	0	0	0	0	0	0	0	0	0	0	0	0	
8	187	222	170	170	516	517	533	534	535	0	0	0	0	0	0	0	0	0	0	
8	188	309	536	533	538	534	534	537	537	0	0	0	0	0	0	0	0	0	0	
7	189	637	543	544	550	640	638	640	0	0	0	0	0	0	0	0	0	0	0	
7	190	622	548	621	547	509	546	549	0	0	0	0	0	0	0	0	0	0	0	
8	191	546	642	641	545	551	552	619	619	0	0	0	0	0	0	0	0	0	0	
6	192	625	624	624	553	554	557	0	0	0	0	0	0	0	0	0	0	0	0	
7	193	556	540	535	539	539	222	628	0	0	0	0	0	0	0	0	0	0	0	
8	194	541	539	561	540	542	559	559	560	0	0	0	0	0	0	0	0	0	0	
6	195	568	563	562	506	510	512	0	0	0	0	0	0	0	0	0	0	0	0	
7	196	634	197	634	201	39	202	202	0	0	0	0	0	0	0	0	0	0	0	
7	197	196	633	578	634	202	588	579	0	0	0	0	0	0	0	0	0	0	0	
7	198	200	573	630	630	569	631	569	0	0	0	0	0	0	0	0	0	0	0	
6	199	542	542	200	630	571	572	0	0	0	0	0	0	0	0	0	0	0	0	
5	200	198	630	199	572	572	0	0	0	0	0	0	0	0	0	0	0	0	0	
8	201	574	566	196	202	574	164	164	39	0	0	0	0	0	0	0	0	0	0	
7	202	579	580	201	196	196	197	574	0	0	0	0	0	0	0	0	0	0	0	
7	203	572	589	205	582	561	561	576	0	0	0	0	0	0	0	0	0	0	0	
6	204	575	565	564	583	585	584	0	0	0	0	0	0	0	0	0	0	0	0	
7	205	572	203	42	573	573	590	589	0	0	0	0	0	0	0	0	0	0	0	
7	206	580	577	583	567	586	1453	1459	0	0	0	0	0	0	0	0	0	0	0	
10	207	592	208	160	160	161	491	210	210	593	594	0	0	0	0	0	0	0	0	
8	208	160	207	595	596	596	597	594	594	0	0	0	0	0	0	0	0	0	0	
10	209	494	492	492	600	495	493	597	598	598	599	0	0	0	0	0	0	0	0	
6	210	603	592	490	491	207	207	0	0	0	0	0	0	0	0	0	0	0	0	
10	211	502	502	499	500	602	602	212	219	219	218	0	0	0	0	0	0	0	0	
4	212	501	219	502	211	0	0	0	0	0	0	0	0	0	0	0	0	0	0	
7	213	595	593	214	214	594	606	1461	0	0	0	0	0	0	0	0	0	0	0	
5	214	607	595	213	213	1461	0	0	0	0	0	0	0	0	0	0	0	0	0	
5	215	600	216	599	608	609	0	0	0	0	0	0	0	0	0	0	0	0	0	
10	216	610	600	215	1276	609	609	615	604	604	601	0	0	0	0	0	0	0	0	
6	217	603	498	498	43	614	592	0	0	0	0	0	0	0	0	0	0	0	0	
5	218	611	602	211	612	219	0	0	0	0	0	0	0	0	0	0	0	0	0	
11	219	212	605	615	211	211	617	611	611	218	616	616	0	0	0	0	0	0	0	
5	220	557	625	536	80	537	0	0	0	0	0	0	0	0	0	0	0	0	0	
6	221	532	625	625	185	623	624	0	0	0	0	0	0	0	0	0	0	0	0	
6	222	186	516	187	535	193	524	0	0	0	0	0	0	0	0	0	0	0	0	
5	223	177	178	631	521	632	0	0	0	0	0	0	0	0	0	0	0	0	0	
8	224	522	521	632	521	176	176	175	633	0	0	0	0	0	0	0	0	0	0	
6	225	183	184	44	642	226	226	0	0	0	0	0	0	0	0	0	0	0	0	
8	226	530	530	642	225	225	44	639	641	0	0	0	0	0	0	0	0	0	0	
8	227	488	487	231	231	654	655	651	489	0	0	0	0	0	0	0	0	0	0	
8	228	500	499	498	490	644	644	233	652	0	0	0	0	0	0	0	0	0	0	
8	229	230	496	501	502	645	234	234	649	0	0	0	0	0	0	0	0	0	0	
5	230	229	649	648	497	496	0	0	0	0	0	0	0	0	0	0	0	0	0	
7	231	227	227	487	646	647	647	654	0	0	0	0	0	0	0	0	0	0	0	
6	232	473	650	650	497	648	656	0	0	0	0	0	0	0	0	0	0	0	0	
7	233	1469	56	56	652	228	644	651	0	0	0	0	0	0	0	0	0	0	0	
7	234	653	229	229	659	649	645	658	0	0	0	0	0	0	0	0	0	0	0	
6	235	286	66	660	336	663	336	0	0	0	0	0	0	0	0	0	0	0	0	
6	236	667	669	245	682	45	670	0	0	0	0	0	0	0	0	0	0	0	0	
8	237	677	679	679	60	276	46	678	678	0	0	0	0	0	0	0	0	0	0	
4	238	660	663	239	240	0	0	0	0	0	0	0	0	0	0	0	0	0	0	
11	239	238	665	671	665	240	240	663	664	672	672	673	0	0	0	0	0	0	0	
8	240	660	673	686	238	239	239	250	687	0	0	0	0	0	0	0	0	0	0	
8	241	149	448	675	676	449	449	683	683	0	0	0	0	0	0	0	0	0	0	
7	242	679	251	679	60	146	443	146	0	0	0	0	0	0	0	0	0	0	0	
6	243	662	661	254	678	46	681	0	0	0	0	0	0	0	0	0	0	0	0	
3	244	255	699	47	0	0	0	0	0	0	0	0	0	0	0	0	0	0	0	
9	245	516	516	186	246	682	246	236	45	247	0	0	0	0	0	0	0	0	0	
8	246	245	245	247	247	332	698	682	698	0	0	0	0	0	0	0	0	0	0	
7	247	246	523	523	246	245	186	249	0	0	0	0	0	0	0	0	0	0	0	
8	248	178	249	523	702	702	525	684	701	0	0	0	0	0	0	0	0	0	0	
5	249	523	248	332	247	332	0	0	0	0	0	0	0	0	0	0	0	0	0	
6	250	703	686	261	240	686	687	0	0	0	0	0	0	0	0	0	0	0	0	
6	251	242	252	679	677	693	695	0	0	0	0	0	0	0	0	0	0	0	0	
6	252	689	251	146	688	695	695	0	0	0	0	0	0	0	0	0	0	0	0	
8	253	254	697	697	694	677	678	693	693	0	0	0	0	0	0	0	0	0	0	
7	254	253	243	681	696	697	678	678	0	0	0	0	0	0	0	0	0	0	0	
5	255	682	244	669	699	698	0	0	0	0	0	0	0	0	0	0	0	0	0	
5	256	162	701	451	684	32	0	0	0	0	0	0	0	0	0	0	0	0	0	
7	257	262	262	713	710	331	259	49	0	0	0	0	0	0	0	0	0	0	0	
7	258	706	715	709	709	51	704	704	0	0	0	0	0	0	0	0	0	0	0	
6	259	713	708	265	257	260	709	0	0	0	0	0	0	0	0	0	0	0	0	
4	260	710	50	259	708	0	0	0	0	0	0	0	0	0	0	0	0	0	0	
7	261	250	738	686	711	712	712	264	0	0	0	0	0	0	0	0	0	0	0	
8	262	331	257	257	49	263	263	685	712	0	0	0	0	0	0	0	0	0	0	
5	263	262	712	262	711	685	0	0	0	0	0	0	0	0	0	0	0	0	0	
6	264	703	738	261	716	739	267	0	0	0	0	0	0	0	0	0	0	0	0	
5	265	53	57	713	259	709	0	0	0	0	0	0	0	0	0	0	0	0	0	
7	266	704	715	716	718	718	719	719	0	0	0	0	0	0	0	0	0	0	0	
8	267	724	725	726	726	739	738	738	264	0	0	0	0	0	0	0	0	0	0	
4	268	738	723	724	714	0	0	0	0	0	0	0	0	0	0	0	0	0	0	
5	269	732	504	705	729	731	0	0	0	0	0	0	0	0	0	0	0	0	0	
4	270	706	735	735	721	0	0	0	0	0	0	0	0	0	0	0	0	0	0	
6	271	706	707	721	721	730	52	0	0	0	0	0	0	0	0	0	0	0	0	
7	272	273	171	76	75	519	172	172	0	0	0	0	0	0	0	0	0	0	0	
9	273	184	272	299	298	298	59	171	75	75	0	0	0	0	0	0	0	0	0	
9	274	144	144	301	60	443	443	145	275	74	0	0	0	0	0	0	0	0	0	
6	275	301	276	26	60	60	274	0	0	0	0	0	0	0	0	0	0	0	0	
10	276	275	26	237	60	292	287	287	46	68	68	0	0	0	0	0	0	0	0	
6	277	61	291	291	290	295	24	0	0	0	0	0	0	0	0	0	0	0	0	
7	278	62	64	64	24	71	71	25	0	0	0	0	0	0	0	0	0	0	0	
7	279	335	335	66	92	93	280	63	0	0	0	0	0	0	0	0	0	0	0	
11	280	279	66	66	67	63	63	64	288	289	289	61	0	0	0	0	0	0	0	
8	281	65	283	704	48	691	691	282	283	0	0	0	0	0	0	0	0	0	0	
7	282	284	691	281	283	690	695	689	0	0	0	0	0	0	0	0	0	0	0	
6	283	65	284	281	281	282	285	0	0	0	0	0	0	0	0	0	0	0	0	
7	284	283	282	285	693	694	695	695	0	0	0	0	0	0	0	0	0	0	0	
7	285	65	697	696	283	284	694	694	0	0	0	0	0	0	0	0	0	0	0	
7	286	661	288	235	660	67	67	680	0	0	0	0	0	0	0	0	0	0	0	
9	287	292	289	288	662	662	46	288	276	276	0	0	0	0	0	0	0	0	0	
7	288	286	287	287	289	280	67	661	0	0	0	0	0	0	0	0	0	0	0	
7	289	287	288	280	280	291	61	292	0	0	0	0	0	0	0	0	0	0	0	
8	290	68	305	277	295	291	292	292	304	0	0	0	0	0	0	0	0	0	0	
6	291	277	61	277	289	292	290	0	0	0	0	0	0	0	0	0	0	0	0	
7	292	287	291	289	290	290	276	68	0	0	0	0	0	0	0	0	0	0	0	
9	293	86	86	296	70	316	316	87	71	72	0	0	0	0	0	0	0	0	0	
8	294	307	69	76	303	296	297	70	70	0	0	0	0	0	0	0	0	0	0	
7	295	72	24	297	277	290	296	304	0	0	0	0	0	0	0	0	0	0	0	
6	296	293	72	297	294	70	295	0	0	0	0	0	0	0	0	0	0	0	0	
6	297	296	295	294	303	304	304	0	0	0	0	0	0	0	0	0	0	0	0	
12	298	273	273	361	58	58	59	73	73	299	300	300	74	0	0	0	0	0	0	
4	299	273	75	300	298	0	0	0	0	0	0	0	0	0	0	0	0	0	0	
8	300	75	302	299	298	298	301	74	77	0	0	0	0	0	0	0	0	0	0	
7	301	275	274	302	26	26	74	300	0	0	0	0	0	0	0	0	0	0	0	
6	302	301	300	305	26	77	77	0	0	0	0	0	0	0	0	0	0	0	0	
6	303	76	294	77	77	297	304	0	0	0	0	0	0	0	0	0	0	0	0	
7	304	77	303	297	297	295	290	305	0	0	0	0	0	0	0	0	0	0	0	
7	305	290	68	26	304	302	77	77	0	0	0	0	0	0	0	0	0	0	0	
7	306	78	307	69	69	320	316	321	0	0	0	0	0	0	0	0	0	0	0	
7	307	294	79	78	78	306	69	308	0	0	0	0	0	0	0	0	0	0	0	
5	308	76	307	519	79	79	0	0	0	0	0	0	0	0	0	0	0	0	0	
6	309	188	81	536	533	310	311	0	0	0	0	0	0	0	0	0	0	0	0	
7	310	309	533	533	170	90	311	311	0	0	0	0	0	0	0	0	0	0	0	
9	311	325	310	90	90	31	310	81	81	309	0	0	0	0	0	0	0	0	0	
5	312	80	88	81	89	325	0	0	0	0	0	0	0	0	0	0	0	0	0	
6	313	83	95	94	25	85	314	0	0	0	0	0	0	0	0	0	0	0	0	
8	314	315	313	85	85	28	83	84	84	0	0	0	0	0	0	0	0	0	0	
9	315	314	28	324	323	84	317	319	87	87	0	0	0	0	0	0	0	0	0	
9	316	320	319	70	69	293	293	317	87	306	0	0	0	0	0	0	0	0	0	
5	317	316	319	87	315	87	0	0	0	0	0	0	0	0	0	0	0	0	0	
7	318	531	185	80	89	181	321	78	0	0	0	0	0	0	0	0	0	0	0	
6	319	316	317	315	88	324	324	0	0	0	0	0	0	0	0	0	0	0	0	
5	320	316	89	88	306	321	0	0	0	0	0	0	0	0	0	0	0	0	0	
6	321	78	320	306	318	89	89	0	0	0	0	0	0	0	0	0	0	0	0	
4	322	329	82	323	91	0	0	0	0	0	0	0	0	0	0	0	0	0	0	
8	323	82	315	84	322	91	91	324	31	0	0	0	0	0	0	0	0	0	0	
7	324	315	88	319	319	323	325	31	0	0	0	0	0	0	0	0	0	0	0	
6	325	311	31	88	81	312	324	0	0	0	0	0	0	0	0	0	0	0	0	
9	326	94	95	62	92	327	93	93	54	54	0	0	0	0	0	0	0	0	0	
5	327	337	93	326	54	333	0	0	0	0	0	0	0	0	0	0	0	0	0	
7	328	82	82	329	83	84	54	95	0	0	0	0	0	0	0	0	0	0	0	
8	329	322	91	91	30	96	54	328	82	0	0	0	0	0	0	0	0	0	0	
7	330	710	332	332	702	505	504	732	0	0	0	0	0	0	0	0	0	0	0	
8	331	262	698	698	685	332	699	710	257	0	0	0	0	0	0	0	0	0	0	
9	332	330	330	698	246	710	331	249	249	702	0	0	0	0	0	0	0	0	0	
5	333	666	96	337	327	338	0	0	0	0	0	0	0	0	0	0	0	0	0	
7	334	90	29	91	91	670	668	30	0	0	0	0	0	0	0	0	0	0	0	
5	335	279	93	66	279	336	0	0	0	0	0	0	0	0	0	0	0	0	0	
8	336	663	66	337	235	235	335	93	338	0	0	0	0	0	0	0	0	0	0	
5	337	336	93	327	333	338	0	0	0	0	0	0	0	0	0	0	0	0	0	
7	338	666	337	333	336	665	664	664	0	0	0	0	0	0	0	0	0	0	0	
4	339	97	340	1427	98	0	0	0	0	0	0	0	0	0	0	0	0	0	0	
9	340	348	345	339	97	1427	1427	174	174	40	0	0	0	0	0	0	0	0	0	
7	341	98	1428	342	343	1426	1426	23	0	0	0	0	0	0	0	0	0	0	0	
6	342	361	360	341	23	343	343	0	0	0	0	0	0	0	0	0	0	0	0	
7	343	341	342	342	360	98	344	98	0	0	0	0	0	0	0	0	0	0	0	
7	344	97	343	360	360	352	98	103	0	0	0	0	0	0	0	0	0	0	0	
5	345	174	340	100	348	346	0	0	0	0	0	0	0	0	0	0	0	0	0	
8	346	102	101	102	100	345	347	348	350	0	0	0	0	0	0	0	0	0	0	
4	347	102	104	101	346	0	0	0	0	0	0	0	0	0	0	0	0	0	0	
7	348	340	349	345	346	367	350	97	0	0	0	0	0	0	0	0	0	0	0	
6	349	367	348	97	417	97	369	0	0	0	0	0	0	0	0	0	0	0	0	
6	350	351	102	346	367	113	348	0	0	0	0	0	0	0	0	0	0	0	0	
6	351	436	350	113	366	111	102	0	0	0	0	0	0	0	0	0	0	0	0	
10	352	384	384	344	103	360	362	386	386	385	359	0	0	0	0	0	0	0	0	
6	353	355	365	364	363	363	354	0	0	0	0	0	0	0	0	0	0	0	0	
6	354	108	358	109	355	363	353	0	0	0	0	0	0	0	0	0	0	0	0	
7	355	108	353	354	365	456	356	356	0	0	0	0	0	0	0	0	0	0	0	
9	356	357	355	456	456	151	355	106	106	365	0	0	0	0	0	0	0	0	0	
7	357	150	356	151	32	459	99	106	0	0	0	0	0	0	0	0	0	0	0	
7	358	354	362	359	418	362	109	363	0	0	0	0	0	0	0	0	0	0	0	
8	359	358	109	109	360	360	110	362	352	0	0	0	0	0	0	0	0	0	0	
9	360	342	343	344	344	359	352	359	361	110	0	0	0	0	0	0	0	0	0	
7	361	342	58	298	73	23	110	360	0	0	0	0	0	0	0	0	0	0	0	
8	362	386	358	358	418	418	420	352	359	0	0	0	0	0	0	0	0	0	0	
6	363	418	358	354	364	353	353	0	0	0	0	0	0	0	0	0	0	0	0	
9	364	114	114	418	371	363	353	365	365	112	0	0	0	0	0	0	0	0	0	
8	365	106	105	353	355	356	364	364	112	0	0	0	0	0	0	0	0	0	0	
8	366	105	351	436	436	435	111	370	370	0	0	0	0	0	0	0	0	0	0	
6	367	349	350	348	369	368	113	0	0	0	0	0	0	0	0	0	0	0	0	
4	368	369	367	113	142	0	0	0	0	0	0	0	0	0	0	0	0	0	0	
9	369	142	368	367	349	441	374	416	417	417	0	0	0	0	0	0	0	0	0	
7	370	105	366	366	435	437	112	372	0	0	0	0	0	0	0	0	0	0	0	
6	371	114	364	112	438	438	437	0	0	0	0	0	0	0	0	0	0	0	0	
9	372	438	373	133	133	375	405	370	435	437	0	0	0	0	0	0	0	0	0	
9	373	439	438	372	403	404	405	405	421	421	0	0	0	0	0	0	0	0	0	
5	374	440	115	142	369	441	0	0	0	0	0	0	0	0	0	0	0	0	0	
4	375	406	405	133	372	0	0	0	0	0	0	0	0	0	0	0	0	0	0	
6	376	379	1409	121	121	122	1430	0	0	0	0	0	0	0	0	0	0	0	0	
6	377	1411	117	429	119	1410	1431	0	0	0	0	0	0	0	0	0	0	0	0	
6	378	380	379	117	802	1034	1034	0	0	0	0	0	0	0	0	0	0	0	0	
8	379	376	122	122	34	1430	118	118	378	0	0	0	0	0	0	0	0	0	0	
5	380	378	118	139	430	429	0	0	0	0	0	0	0	0	0	0	0	0	0	
6	381	1411	382	119	137	427	428	0	0	0	0	0	0	0	0	0	0	0	0	
7	382	384	120	1411	1411	381	383	137	0	0	0	0	0	0	0	0	0	0	0	
10	383	1409	1409	384	1432	120	120	382	385	385	121	0	0	0	0	0	0	0	0	
9	384	383	382	103	352	352	385	103	137	417	0	0	0	0	0	0	0	0	0	
5	385	384	352	383	383	386	0	0	0	0	0	0	0	0	0	0	0	0	0	
7	386	362	420	352	352	121	385	121	0	0	0	0	0	0	0	0	0	0	0	
7	387	434	434	426	1437	141	1412	1436	0	0	0	0	0	0	0	0	0	0	0	
5	388	425	428	389	424	424	0	0	0	0	0	0	0	0	0	0	0	0	0	
7	389	1413	388	427	427	429	430	35	0	0	0	0	0	0	0	0	0	0	0	
6	390	139	391	123	430	1433	1433	0	0	0	0	0	0	0	0	0	0	0	0	
8	391	390	1434	1434	1433	124	140	431	431	0	0	0	0	0	0	0	0	0	0	
8	392	396	126	130	130	131	1414	1438	1438	0	0	0	0	0	0	0	0	0	0	
6	393	127	398	394	399	400	409	0	0	0	0	0	0	0	0	0	0	0	0	
7	394	129	127	393	400	1415	1439	1439	0	0	0	0	0	0	0	0	0	0	0	
9	395	127	398	396	128	128	397	1440	1441	1440	0	0	0	0	0	0	0	0	0	
8	396	392	131	131	128	395	1438	1441	1441	0	0	0	0	0	0	0	0	0	0	
6	397	128	398	395	410	422	413	0	0	0	0	0	0	0	0	0	0	0	0	
6	398	127	410	393	395	397	409	0	0	0	0	0	0	0	0	0	0	0	0	
5	399	409	400	393	37	408	0	0	0	0	0	0	0	0	0	0	0	0	0	
9	400	129	399	1416	1416	425	37	394	393	401	0	0	0	0	0	0	0	0	0	
9	401	126	126	1416	400	138	138	434	434	130	0	0	0	0	0	0	0	0	0	
6	402	432	439	421	131	433	124	0	0	0	0	0	0	0	0	0	0	0	0	
8	403	1417	132	132	404	1419	1419	373	405	0	0	0	0	0	0	0	0	0	0	
5	404	132	403	373	421	414	0	0	0	0	0	0	0	0	0	0	0	0	0	
7	405	375	1419	403	373	373	372	406	0	0	0	0	0	0	0	0	0	0	0	
7	406	375	1074	1073	133	1419	405	1419	0	0	0	0	0	0	0	0	0	0	0	
6	407	1420	115	1421	423	408	814	0	0	0	0	0	0	0	0	0	0	0	0	
8	408	409	1421	407	423	411	37	37	399	0	0	0	0	0	0	0	0	0	0	
6	409	408	399	410	393	398	411	0	0	0	0	0	0	0	0	0	0	0	0	
7	410	409	398	422	136	397	411	411	0	0	0	0	0	0	0	0	0	0	0	
8	411	409	410	410	136	408	1421	1443	1443	0	0	0	0	0	0	0	0	0	0	
4	412	115	142	1444	33	0	0	0	0	0	0	0	0	0	0	0	0	0	0	
7	413	128	128	421	422	414	135	397	0	0	0	0	0	0	0	0	0	0	0	
7	414	132	132	413	415	135	421	404	0	0	0	0	0	0	0	0	0	0	0	
6	415	132	414	1082	1423	1418	135	0	0	0	0	0	0	0	0	0	0	0	0	
4	416	441	441	369	417	0	0	0	0	0	0	0	0	0	0	0	0	0	0	
9	417	97	103	349	416	369	369	384	137	137	0	0	0	0	0	0	0	0	0	
7	418	358	363	362	362	364	419	420	0	0	0	0	0	0	0	0	0	0	0	
4	419	420	418	114	36	0	0	0	0	0	0	0	0	0	0	0	0	0	0	
8	420	386	122	419	36	362	431	34	418	0	0	0	0	0	0	0	0	0	0	
8	421	402	128	413	439	373	373	404	414	0	0	0	0	0	0	0	0	0	0	
5	422	410	135	136	413	397	0	0	0	0	0	0	0	0	0	0	0	0	0	
5	423	407	115	408	440	37	0	0	0	0	0	0	0	0	0	0	0	0	0	
8	424	425	1412	35	1435	388	388	426	138	0	0	0	0	0	0	0	0	0	0	
12	425	388	424	138	138	400	37	428	440	440	441	441	442	0	0	0	0	0	0	
6	426	434	1412	387	1412	138	424	0	0	0	0	0	0	0	0	0	0	0	0	
6	427	428	389	389	119	429	381	0	0	0	0	0	0	0	0	0	0	0	0	
6	428	388	427	137	425	442	381	0	0	0	0	0	0	0	0	0	0	0	0	
8	429	377	389	117	380	119	427	430	430	0	0	0	0	0	0	0	0	0	0	
8	430	123	380	390	139	1413	389	429	429	0	0	0	0	0	0	0	0	0	0	
10	431	420	36	118	118	391	391	139	432	124	432	0	0	0	0	0	0	0	0	
8	432	402	124	431	431	36	36	439	439	0	0	0	0	0	0	0	0	0	0	
7	433	141	130	402	131	124	434	434	0	0	0	0	0	0	0	0	0	0	0	
9	434	426	387	387	141	138	401	401	433	433	0	0	0	0	0	0	0	0	0	
6	435	366	370	436	116	133	372	0	0	0	0	0	0	0	0	0	0	0	0	
8	436	351	113	366	366	116	435	33	142	0	0	0	0	0	0	0	0	0	0	
5	437	438	370	371	112	372	0	0	0	0	0	0	0	0	0	0	0	0	0	
8	438	437	372	373	371	371	36	114	439	0	0	0	0	0	0	0	0	0	0	
7	439	373	402	421	36	438	432	432	0	0	0	0	0	0	0	0	0	0	0	
7	440	374	423	115	37	425	441	425	0	0	0	0	0	0	0	0	0	0	0	
9	441	416	137	369	416	440	374	425	425	442	0	0	0	0	0	0	0	0	0	
4	442	137	428	425	441	0	0	0	0	0	0	0	0	0	0	0	0	0	0	
7	443	274	274	146	444	145	60	242	0	0	0	0	0	0	0	0	0	0	0	
8	444	443	147	145	145	445	446	450	147	0	0	0	0	0	0	0	0	0	0	
7	445	154	475	475	447	450	446	444	0	0	0	0	0	0	0	0	0	0	0	
7	446	143	144	145	445	447	444	457	0	0	0	0	0	0	0	0	0	0	0	
6	447	445	477	155	446	457	475	0	0	0	0	0	0	0	0	0	0	0	0	
5	448	241	449	455	159	149	0	0	0	0	0	0	0	0	0	0	0	0	0	
8	449	675	153	450	241	241	448	674	159	0	0	0	0	0	0	0	0	0	0	
7	450	449	147	154	445	153	674	444	0	0	0	0	0	0	0	0	0	0	0	
8	451	148	700	256	32	162	150	452	148	0	0	0	0	0	0	0	0	0	0	
8	452	453	453	451	150	148	484	454	454	0	0	0	0	0	0	0	0	0	0	
9	453	484	452	452	150	459	157	157	156	459	0	0	0	0	0	0	0	0	0	
8	454	484	485	452	452	455	149	149	148	0	0	0	0	0	0	0	0	0	0	
6	455	485	448	149	454	486	159	0	0	0	0	0	0	0	0	0	0	0	0	
9	456	355	108	108	27	356	356	143	457	151	0	0	0	0	0	0	0	0	0	
10	457	143	447	155	446	456	151	479	479	458	458	0	0	0	0	0	0	0	0	
7	458	157	479	158	457	457	459	151	0	0	0	0	0	0	0	0	0	0	0	
7	459	150	157	357	151	453	453	458	0	0	0	0	0	0	0	0	0	0	0	
8	460	152	462	463	153	159	474	154	154	0	0	0	0	0	0	0	0	0	0	
7	461	462	152	473	486	486	646	643	0	0	0	0	0	0	0	0	0	0	0	
8	462	461	646	487	487	463	460	152	646	0	0	0	0	0	0	0	0	0	0	
6	463	462	487	464	474	474	460	0	0	0	0	0	0	0	0	0	0	0	0	
7	464	466	465	463	489	474	476	475	0	0	0	0	0	0	0	0	0	0	0	
5	465	464	478	467	466	477	0	0	0	0	0	0	0	0	0	0	0	0	0	
6	466	464	491	161	489	467	465	0	0	0	0	0	0	0	0	0	0	0	0	
10	467	468	478	465	161	160	160	38	161	468	466	0	0	0	0	0	0	0	0	
8	468	478	467	467	38	480	469	492	469	0	0	0	0	0	0	0	0	0	0	
8	469	480	492	482	481	493	468	468	470	0	0	0	0	0	0	0	0	0	0	
9	470	483	495	496	493	493	469	471	497	497	0	0	0	0	0	0	0	0	0	
7	471	483	483	470	472	485	484	497	0	0	0	0	0	0	0	0	0	0	0	
5	472	473	486	471	497	485	0	0	0	0	0	0	0	0	0	0	0	0	0	
7	473	497	232	472	650	643	461	486	0	0	0	0	0	0	0	0	0	0	0	
6	474	463	464	463	475	154	460	0	0	0	0	0	0	0	0	0	0	0	0	
9	475	445	445	474	464	154	447	476	476	477	0	0	0	0	0	0	0	0	0	
4	476	464	475	477	475	0	0	0	0	0	0	0	0	0	0	0	0	0	0	
6	477	478	447	476	465	475	155	0	0	0	0	0	0	0	0	0	0	0	0	
6	478	468	477	465	480	155	467	0	0	0	0	0	0	0	0	0	0	0	0	
6	479	158	458	457	155	457	480	0	0	0	0	0	0	0	0	0	0	0	0	
8	480	469	481	478	468	479	155	158	158	0	0	0	0	0	0	0	0	0	0	
5	481	480	469	157	158	482	0	0	0	0	0	0	0	0	0	0	0	0	0	
4	482	483	469	157	481	0	0	0	0	0	0	0	0	0	0	0	0	0	0	
7	483	482	470	156	471	484	471	157	0	0	0	0	0	0	0	0	0	0	0	
7	484	453	485	454	483	156	452	471	0	0	0	0	0	0	0	0	0	0	0	
6	485	484	486	455	454	471	472	0	0	0	0	0	0	0	0	0	0	0	0	
8	486	485	472	152	159	473	461	461	455	0	0	0	0	0	0	0	0	0	0	
7	487	462	462	227	489	463	646	231	0	0	0	0	0	0	0	0	0	0	0	
5	488	227	651	490	644	489	0	0	0	0	0	0	0	0	0	0	0	0	0	
8	489	490	487	464	466	227	488	491	491	0	0	0	0	0	0	0	0	0	0	
10	490	489	488	644	228	603	210	498	491	491	498	0	0	0	0	0	0	0	0	
8	491	466	489	489	490	490	210	207	161	0	0	0	0	0	0	0	0	0	0	
7	492	493	469	597	209	209	468	38	0	0	0	0	0	0	0	0	0	0	0	
6	493	492	495	470	470	469	209	0	0	0	0	0	0	0	0	0	0	0	0	
8	494	209	600	600	601	496	501	495	501	0	0	0	0	0	0	0	0	0	0	
5	495	470	496	493	209	494	0	0	0	0	0	0	0	0	0	0	0	0	0	
9	496	470	495	494	229	230	501	501	497	497	0	0	0	0	0	0	0	0	0	
10	497	473	230	472	471	470	470	496	496	648	232	0	0	0	0	0	0	0	0	
10	498	228	217	217	603	490	490	499	602	602	43	0	0	0	0	0	0	0	0	
5	499	228	500	211	602	498	0	0	0	0	0	0	0	0	0	0	0	0	0	
7	500	228	652	502	499	645	645	211	0	0	0	0	0	0	0	0	0	0	0	
11	501	212	502	229	496	496	494	494	601	604	605	605	0	0	0	0	0	0	0	
7	502	501	229	212	211	211	500	645	0	0	0	0	0	0	0	0	0	0	0	
7	503	705	163	683	692	692	48	700	0	0	0	0	0	0	0	0	0	0	0	
7	504	330	732	732	163	163	705	269	0	0	0	0	0	0	0	0	0	0	0	
6	505	330	162	163	702	702	701	0	0	0	0	0	0	0	0	0	0	0	0	
6	506	164	507	568	195	510	566	0	0	0	0	0	0	0	0	0	0	0	0	
7	507	169	164	506	165	510	510	166	0	0	0	0	0	0	0	0	0	0	0	
6	508	544	166	167	167	168	509	0	0	0	0	0	0	0	0	0	0	0	0	
8	509	513	547	548	167	508	168	548	190	0	0	0	0	0	0	0	0	0	0	
7	510	506	195	507	507	512	511	169	0	0	0	0	0	0	0	0	0	0	0	
8	511	513	168	510	512	169	554	554	553	0	0	0	0	0	0	0	0	0	0	
7	512	562	562	510	195	511	554	515	0	0	0	0	0	0	0	0	0	0	0	
6	513	509	168	511	553	548	549	0	0	0	0	0	0	0	0	0	0	0	0	
5	514	515	562	562	555	558	0	0	0	0	0	0	0	0	0	0	0	0	0	
5	515	514	558	562	512	554	0	0	0	0	0	0	0	0	0	0	0	0	0	
7	516	245	45	222	245	186	517	187	0	0	0	0	0	0	0	0	0	0	0	
6	517	667	667	170	516	45	187	0	0	0	0	0	0	0	0	0	0	0	0	
9	518	528	181	182	182	620	79	172	621	622	0	0	0	0	0	0	0	0	0	
6	519	172	79	308	76	76	272	0	0	0	0	0	0	0	0	0	0	0	0	
8	520	175	100	101	99	99	32	177	521	0	0	0	0	0	0	0	0	0	0	
8	521	520	177	177	223	175	632	224	224	0	0	0	0	0	0	0	0	0	0	
6	522	41	224	633	176	634	635	0	0	0	0	0	0	0	0	0	0	0	0	
9	523	524	249	247	247	186	248	627	525	525	0	0	0	0	0	0	0	0	0	
5	524	186	627	523	628	222	0	0	0	0	0	0	0	0	0	0	0	0	0	
6	525	178	523	523	248	627	629	0	0	0	0	0	0	0	0	0	0	0	0	
5	526	179	1426	180	638	527	0	0	0	0	0	0	0	0	0	0	0	0	0	
5	527	179	526	530	639	639	0	0	0	0	0	0	0	0	0	0	0	0	0	
6	528	518	622	532	181	623	623	0	0	0	0	0	0	0	0	0	0	0	0	
7	529	58	23	59	59	179	530	44	0	0	0	0	0	0	0	0	0	0	0	
8	530	639	226	226	44	529	179	179	527	0	0	0	0	0	0	0	0	0	0	
4	531	318	181	185	532	0	0	0	0	0	0	0	0	0	0	0	0	0	0	
7	532	528	623	221	531	181	185	185	0	0	0	0	0	0	0	0	0	0	0	
6	533	170	309	188	310	310	187	0	0	0	0	0	0	0	0	0	0	0	0	
6	534	187	535	188	188	538	626	0	0	0	0	0	0	0	0	0	0	0	0	
6	535	193	534	222	187	626	556	0	0	0	0	0	0	0	0	0	0	0	0	
6	536	188	81	80	309	220	537	0	0	0	0	0	0	0	0	0	0	0	0	
7	537	557	538	536	220	188	188	558	0	0	0	0	0	0	0	0	0	0	0	
5	538	626	537	558	188	534	0	0	0	0	0	0	0	0	0	0	0	0	0	
6	539	194	541	628	193	193	540	0	0	0	0	0	0	0	0	0	0	0	0	
7	540	193	562	555	539	194	556	559	0	0	0	0	0	0	0	0	0	0	0	
7	541	194	630	628	628	539	542	542	0	0	0	0	0	0	0	0	0	0	0	
8	542	571	199	199	630	561	541	194	541	0	0	0	0	0	0	0	0	0	0	
6	543	189	39	165	166	544	544	0	0	0	0	0	0	0	0	0	0	0	0	
9	544	550	189	508	167	543	166	543	551	551	0	0	0	0	0	0	0	0	0	
7	545	546	621	191	618	619	620	620	0	0	0	0	0	0	0	0	0	0	0	
6	546	191	552	545	621	547	190	0	0	0	0	0	0	0	0	0	0	0	0	
6	547	167	509	190	546	552	552	0	0	0	0	0	0	0	0	0	0	0	0	
5	548	190	509	509	513	549	0	0	0	0	0	0	0	0	0	0	0	0	0	
7	549	622	623	548	513	190	624	553	0	0	0	0	0	0	0	0	0	0	0	
4	550	640	544	189	551	0	0	0	0	0	0	0	0	0	0	0	0	0	0	
9	551	640	640	167	191	641	552	550	544	544	0	0	0	0	0	0	0	0	0	
6	552	546	167	191	551	547	547	0	0	0	0	0	0	0	0	0	0	0	0	
6	553	513	192	511	624	549	554	0	0	0	0	0	0	0	0	0	0	0	0	
8	554	558	557	511	512	511	192	553	515	0	0	0	0	0	0	0	0	0	0	
6	555	562	540	562	626	514	626	0	0	0	0	0	0	0	0	0	0	0	0	
4	556	193	626	540	535	0	0	0	0	0	0	0	0	0	0	0	0	0	0	
5	557	554	537	220	625	192	0	0	0	0	0	0	0	0	0	0	0	0	0	
6	558	626	515	554	538	514	537	0	0	0	0	0	0	0	0	0	0	0	0	
7	559	562	562	565	194	540	194	560	0	0	0	0	0	0	0	0	0	0	0	
5	560	561	194	559	575	576	0	0	0	0	0	0	0	0	0	0	0	0	0	
10	561	194	560	572	571	571	542	576	576	203	203	0	0	0	0	0	0	0	0	
14	562	515	512	512	195	559	540	559	555	555	514	514	563	563	565	0	0	0	0	
7	563	195	562	562	565	567	564	568	0	0	0	0	0	0	0	0	0	0	0	
6	564	565	563	565	583	204	567	0	0	0	0	0	0	0	0	0	0	0	0	
8	565	559	575	575	562	563	564	564	204	0	0	0	0	0	0	0	0	0	0	
8	566	201	164	506	567	567	568	574	577	0	0	0	0	0	0	0	0	0	0	
8	567	566	577	566	563	568	583	564	206	0	0	0	0	0	0	0	0	0	0	
5	568	195	506	566	567	563	0	0	0	0	0	0	0	0	0	0	0	0	0	
7	569	573	631	198	198	570	633	632	0	0	0	0	0	0	0	0	0	0	0	
4	570	573	633	569	578	0	0	0	0	0	0	0	0	0	0	0	0	0	0	
5	571	542	561	561	572	199	0	0	0	0	0	0	0	0	0	0	0	0	0	
8	572	561	203	205	571	573	200	200	199	0	0	0	0	0	0	0	0	0	0	
7	573	198	570	569	42	205	205	572	0	0	0	0	0	0	0	0	0	0	0	
7	574	201	201	202	580	577	580	566	0	0	0	0	0	0	0	0	0	0	0	
7	575	585	565	565	204	560	576	581	0	0	0	0	0	0	0	0	0	0	0	
7	576	561	560	575	561	582	203	581	0	0	0	0	0	0	0	0	0	0	0	
5	577	574	567	566	206	580	0	0	0	0	0	0	0	0	0	0	0	0	0	
8	578	197	588	1454	633	570	42	590	590	0	0	0	0	0	0	0	0	0	0	
5	579	202	197	588	591	580	0	0	0	0	0	0	0	0	0	0	0	0	0	
9	580	202	591	574	574	1459	206	1458	579	577	0	0	0	0	0	0	0	0	0	
7	581	585	575	582	576	1447	1448	1447	0	0	0	0	0	0	0	0	0	0	0	
7	582	589	203	576	581	1448	1449	1448	0	0	0	0	0	0	0	0	0	0	0	
8	583	587	564	567	206	584	204	1453	1453	0	0	0	0	0	0	0	0	0	0	
7	584	587	583	585	204	1450	1451	1450	0	0	0	0	0	0	0	0	0	0	0	
7	585	581	575	204	584	1447	1451	1451	0	0	0	0	0	0	0	0	0	0	0	
4	586	1453	206	1459	1452	0	0	0	0	0	0	0	0	0	0	0	0	0	0	
5	587	584	583	1453	1450	1450	0	0	0	0	0	0	0	0	0	0	0	0	0	
6	588	197	578	591	579	1454	1456	0	0	0	0	0	0	0	0	0	0	0	0	
8	589	203	582	590	205	1251	1457	1449	1449	0	0	0	0	0	0	0	0	0	0	
9	590	205	1454	578	578	42	589	1455	1457	1457	0	0	0	0	0	0	0	0	0	
5	591	1458	580	588	579	1456	0	0	0	0	0	0	0	0	0	0	0	0	0	
8	592	210	593	207	1462	217	603	606	614	0	0	0	0	0	0	0	0	0	0	
5	593	592	606	213	594	207	0	0	0	0	0	0	0	0	0	0	0	0	0	
6	594	595	593	213	207	208	208	0	0	0	0	0	0	0	0	0	0	0	0	
6	595	594	213	214	608	596	208	0	0	0	0	0	0	0	0	0	0	0	0	
6	596	598	597	595	608	208	208	0	0	0	0	0	0	0	0	0	0	0	0	
7	597	492	596	160	160	208	38	209	0	0	0	0	0	0	0	0	0	0	0	
5	598	596	209	209	608	599	0	0	0	0	0	0	0	0	0	0	0	0	0	
6	599	600	209	598	608	608	215	0	0	0	0	0	0	0	0	0	0	0	0	
7	600	494	494	599	215	209	216	601	0	0	0	0	0	0	0	0	0	0	0	
5	601	494	600	501	604	216	0	0	0	0	0	0	0	0	0	0	0	0	0	
8	602	612	43	499	211	211	218	498	498	0	0	0	0	0	0	0	0	0	0	
5	603	210	217	490	498	592	0	0	0	0	0	0	0	0	0	0	0	0	0	
6	604	615	605	501	601	216	216	0	0	0	0	0	0	0	0	0	0	0	0	
5	605	219	604	615	501	501	0	0	0	0	0	0	0	0	0	0	0	0	0	
6	606	593	1462	592	213	1460	1461	0	0	0	0	0	0	0	0	0	0	0	0	
6	607	1275	608	608	214	1461	1273	0	0	0	0	0	0	0	0	0	0	0	0	
11	608	607	607	595	596	598	599	599	1275	609	609	215	0	0	0	0	0	0	0	
10	609	608	608	1276	216	216	215	1275	1274	1274	886	0	0	0	0	0	0	0	0	
6	610	616	615	615	216	1276	1463	0	0	0	0	0	0	0	0	0	0	0	0	
11	611	612	218	1277	1277	219	219	617	888	888	889	1464	0	0	0	0	0	0	0	
6	612	602	611	218	613	43	1464	0	0	0	0	0	0	0	0	0	0	0	0	
9	613	612	614	43	1464	1277	1277	882	1465	1465	0	0	0	0	0	0	0	0	0	
6	614	217	43	1462	592	613	1465	0	0	0	0	0	0	0	0	0	0	0	0	
7	615	604	610	610	219	605	216	616	0	0	0	0	0	0	0	0	0	0	0	
8	616	610	617	219	219	615	1463	1463	1466	0	0	0	0	0	0	0	0	0	0	
5	617	219	616	888	611	1466	0	0	0	0	0	0	0	0	0	0	0	0	0	
9	618	182	172	172	171	183	183	619	545	620	0	0	0	0	0	0	0	0	0	
6	619	183	618	545	642	191	191	0	0	0	0	0	0	0	0	0	0	0	0	
7	620	518	182	618	545	545	621	621	0	0	0	0	0	0	0	0	0	0	0	
7	621	545	190	622	546	620	518	620	0	0	0	0	0	0	0	0	0	0	0	
6	622	190	549	528	621	623	518	0	0	0	0	0	0	0	0	0	0	0	0	
7	623	549	624	532	622	528	528	221	0	0	0	0	0	0	0	0	0	0	0	
7	624	623	192	625	192	549	553	221	0	0	0	0	0	0	0	0	0	0	0	
8	625	80	185	220	192	557	624	221	221	0	0	0	0	0	0	0	0	0	0	
7	626	538	558	555	555	556	535	534	0	0	0	0	0	0	0	0	0	0	0	
5	627	524	523	525	628	629	0	0	0	0	0	0	0	0	0	0	0	0	0	
7	628	524	630	541	541	539	193	627	0	0	0	0	0	0	0	0	0	0	0	
4	629	630	178	525	627	0	0	0	0	0	0	0	0	0	0	0	0	0	0	
10	630	542	629	628	541	200	198	198	631	199	178	0	0	0	0	0	0	0	0	
6	631	223	569	632	630	198	178	0	0	0	0	0	0	0	0	0	0	0	0	
6	632	631	521	223	224	569	633	0	0	0	0	0	0	0	0	0	0	0	0	
8	633	197	522	570	578	569	224	632	634	0	0	0	0	0	0	0	0	0	0	
7	634	196	196	39	197	635	522	633	0	0	0	0	0	0	0	0	0	0	0	
5	635	41	39	636	634	522	0	0	0	0	0	0	0	0	0	0	0	0	0	
10	636	1425	635	173	173	41	41	39	637	637	180	0	0	0	0	0	0	0	0	
7	637	189	39	636	636	638	638	180	0	0	0	0	0	0	0	0	0	0	0	
7	638	640	639	526	180	637	189	637	0	0	0	0	0	0	0	0	0	0	0	
8	639	530	638	527	527	640	641	641	226	0	0	0	0	0	0	0	0	0	0	
8	640	550	551	551	641	638	189	189	639	0	0	0	0	0	0	0	0	0	0	
7	641	640	191	551	639	639	642	226	0	0	0	0	0	0	0	0	0	0	0	
6	642	183	191	225	226	619	641	0	0	0	0	0	0	0	0	0	0	0	0	
7	643	473	646	461	646	650	650	647	0	0	0	0	0	0	0	0	0	0	0	
6	644	490	488	228	228	651	233	0	0	0	0	0	0	0	0	0	0	0	0	
8	645	229	502	500	500	652	653	653	234	0	0	0	0	0	0	0	0	0	0	
8	646	462	462	461	487	643	643	647	231	0	0	0	0	0	0	0	0	0	0	
6	647	650	646	643	231	231	55	0	0	0	0	0	0	0	0	0	0	0	0	
5	648	230	497	649	656	232	0	0	0	0	0	0	0	0	0	0	0	0	0	
5	649	230	229	234	648	656	0	0	0	0	0	0	0	0	0	0	0	0	0	
10	650	473	232	232	656	657	55	55	647	643	643	0	0	0	0	0	0	0	0	
8	651	488	227	644	233	655	1468	1469	1469	0	0	0	0	0	0	0	0	0	0	
6	652	500	233	645	228	653	56	0	0	0	0	0	0	0	0	0	0	0	0	
7	653	658	234	645	652	645	56	56	0	0	0	0	0	0	0	0	0	0	0	
6	654	227	655	231	55	55	1467	0	0	0	0	0	0	0	0	0	0	0	0	
6	655	227	654	1468	651	1467	1467	0	0	0	0	0	0	0	0	0	0	0	0	
8	656	1317	650	657	648	649	232	659	657	0	0	0	0	0	0	0	0	0	0	
6	657	1318	650	656	656	1317	55	0	0	0	0	0	0	0	0	0	0	0	0	
5	658	653	56	659	234	1470	0	0	0	0	0	0	0	0	0	0	0	0	0	
8	659	1317	234	656	658	1470	1321	1321	1470	0	0	0	0	0	0	0	0	0	0	
9	660	238	240	286	235	680	663	663	687	680	0	0	0	0	0	0	0	0	0	
6	661	286	243	680	681	662	288	0	0	0	0	0	0	0	0	0	0	0	0	
5	662	243	287	287	46	661	0	0	0	0	0	0	0	0	0	0	0	0	0	
7	663	336	664	238	235	660	660	239	0	0	0	0	0	0	0	0	0	0	0	
5	664	663	665	338	338	239	0	0	0	0	0	0	0	0	0	0	0	0	0	
7	665	47	671	239	239	664	338	666	0	0	0	0	0	0	0	0	0	0	0	
8	666	47	338	333	668	669	96	96	665	0	0	0	0	0	0	0	0	0	0	
8	667	170	517	517	45	45	236	670	29	0	0	0	0	0	0	0	0	0	0	
5	668	666	670	96	30	334	0	0	0	0	0	0	0	0	0	0	0	0	0	
7	669	666	670	682	236	255	47	47	0	0	0	0	0	0	0	0	0	0	0	
6	670	669	668	334	29	667	236	0	0	0	0	0	0	0	0	0	0	0	0	
4	671	665	47	239	672	0	0	0	0	0	0	0	0	0	0	0	0	0	0	
7	672	711	686	671	47	239	239	673	0	0	0	0	0	0	0	0	0	0	0	
4	673	240	239	672	686	0	0	0	0	0	0	0	0	0	0	0	0	0	0	
8	674	675	675	147	146	147	449	450	688	0	0	0	0	0	0	0	0	0	0	
8	675	241	449	674	674	688	690	692	676	0	0	0	0	0	0	0	0	0	0	
4	676	241	675	692	683	0	0	0	0	0	0	0	0	0	0	0	0	0	0	
7	677	237	678	678	253	679	693	251	0	0	0	0	0	0	0	0	0	0	0	
9	678	243	677	237	237	46	677	254	254	253	0	0	0	0	0	0	0	0	0	
7	679	237	237	242	242	60	677	251	0	0	0	0	0	0	0	0	0	0	0	
7	680	681	661	696	286	660	660	687	0	0	0	0	0	0	0	0	0	0	0	
5	681	680	254	243	661	696	0	0	0	0	0	0	0	0	0	0	0	0	0	
5	682	255	669	245	236	246	0	0	0	0	0	0	0	0	0	0	0	0	0	
9	683	503	700	149	241	241	676	148	692	148	0	0	0	0	0	0	0	0	0	
7	684	177	177	32	178	256	701	248	0	0	0	0	0	0	0	0	0	0	0	
7	685	711	47	331	262	699	699	263	0	0	0	0	0	0	0	0	0	0	0	
7	686	240	672	250	250	673	711	261	0	0	0	0	0	0	0	0	0	0	0	
8	687	240	660	680	250	703	696	65	65	0	0	0	0	0	0	0	0	0	0	
5	688	675	689	690	674	252	0	0	0	0	0	0	0	0	0	0	0	0	0	
5	689	688	252	690	695	282	0	0	0	0	0	0	0	0	0	0	0	0	0	
6	690	691	675	688	689	282	692	0	0	0	0	0	0	0	0	0	0	0	0	
6	691	690	282	281	48	281	692	0	0	0	0	0	0	0	0	0	0	0	0	
8	692	675	676	683	691	48	690	503	503	0	0	0	0	0	0	0	0	0	0	
8	693	677	253	253	694	251	284	695	695	0	0	0	0	0	0	0	0	0	0	
6	694	253	693	284	697	285	285	0	0	0	0	0	0	0	0	0	0	0	0	
9	695	693	284	284	282	693	689	252	252	251	0	0	0	0	0	0	0	0	0	
8	696	680	285	254	681	697	687	65	65	0	0	0	0	0	0	0	0	0	0	
6	697	253	253	285	254	696	694	0	0	0	0	0	0	0	0	0	0	0	0	
7	698	332	331	331	699	255	246	246	0	0	0	0	0	0	0	0	0	0	0	
7	699	698	244	255	331	685	685	47	0	0	0	0	0	0	0	0	0	0	0	
7	700	451	683	162	162	148	503	163	0	0	0	0	0	0	0	0	0	0	0	
6	701	256	162	702	505	684	248	0	0	0	0	0	0	0	0	0	0	0	0	
7	702	330	248	248	701	505	505	332	0	0	0	0	0	0	0	0	0	0	0	
7	703	250	264	687	65	704	704	716	0	0	0	0	0	0	0	0	0	0	0	
10	704	65	281	715	258	258	706	703	703	266	48	0	0	0	0	0	0	0	0	
7	705	503	52	48	163	504	729	269	0	0	0	0	0	0	0	0	0	0	0	
8	706	258	51	704	48	707	271	270	721	0	0	0	0	0	0	0	0	0	0	
4	707	706	48	271	52	0	0	0	0	0	0	0	0	0	0	0	0	0	0	
12	708	709	259	50	260	735	735	734	1478	1478	717	733	733	0	0	0	0	0	0	
11	709	258	708	258	735	51	715	57	265	259	718	727	0	0	0	0	0	0	0	
7	710	330	260	257	332	331	732	50	0	0	0	0	0	0	0	0	0	0	0	
7	711	672	685	47	686	263	712	261	0	0	0	0	0	0	0	0	0	0	0	
9	712	263	262	49	711	261	261	714	738	714	0	0	0	0	0	0	0	0	0	
7	713	257	259	737	714	265	49	53	0	0	0	0	0	0	0	0	0	0	0	
7	714	738	713	723	49	712	712	268	0	0	0	0	0	0	0	0	0	0	0	
5	715	258	718	709	704	266	0	0	0	0	0	0	0	0	0	0	0	0	0	
6	716	264	266	703	739	719	728	0	0	0	0	0	0	0	0	0	0	0	0	
3	717	1478	735	708	0	0	0	0	0	0	0	0	0	0	0	0	0	0	0	
8	718	715	736	266	266	740	727	727	709	0	0	0	0	0	0	0	0	0	0	
8	719	1484	740	740	266	266	716	728	728	0	0	0	0	0	0	0	0	0	0	
7	720	729	730	1474	1471	1472	1472	731	0	0	0	0	0	0	0	0	0	0	0	
9	721	735	730	1473	1474	1476	706	270	271	271	0	0	0	0	0	0	0	0	0	
7	722	732	733	733	731	1477	734	1472	0	0	0	0	0	0	0	0	0	0	0	
7	723	724	268	714	737	1480	1482	1482	0	0	0	0	0	0	0	0	0	0	0	
8	724	723	268	725	267	738	1479	1480	1480	0	0	0	0	0	0	0	0	0	0	
4	725	1397	724	267	726	0	0	0	0	0	0	0	0	0	0	0	0	0	0	
9	726	728	739	267	267	725	1397	1397	1400	1484	0	0	0	0	0	0	0	0	0	
6	727	718	736	718	57	709	1483	0	0	0	0	0	0	0	0	0	0	0	0	
6	728	726	1484	719	716	739	719	0	0	0	0	0	0	0	0	0	0	0	0	
6	729	52	720	731	730	705	269	0	0	0	0	0	0	0	0	0	0	0	0	
6	730	729	52	720	721	1474	271	0	0	0	0	0	0	0	0	0	0	0	0	
6	731	729	732	269	720	1472	722	0	0	0	0	0	0	0	0	0	0	0	0	
9	732	330	504	504	269	731	722	710	50	733	0	0	0	0	0	0	0	0	0	
7	733	722	722	734	50	732	708	708	0	0	0	0	0	0	0	0	0	0	0	
4	734	733	708	722	1477	0	0	0	0	0	0	0	0	0	0	0	0	0	0	
12	735	709	1478	1476	721	1476	708	708	717	1475	270	270	51	0	0	0	0	0	0	
8	736	718	740	727	1483	1484	1401	1401	1398	0	0	0	0	0	0	0	0	0	0	
8	737	713	723	53	57	53	1481	1482	1481	0	0	0	0	0	0	0	0	0	0	
8	738	714	268	264	261	712	724	267	267	0	0	0	0	0	0	0	0	0	0	
5	739	726	716	264	267	728	0	0	0	0	0	0	0	0	0	0	0	0	0	
5	740	736	1484	719	718	719	0	0	0	0	0	0	0	0	0	0	0	0	0	
10	741	743	950	922	859	859	858	742	742	951	951	0	0	0	0	0	0	0	0	
10	742	1213	1192	743	741	741	858	743	856	856	1	0	0	0	0	0	0	0	0	
8	743	741	742	742	1	949	950	1014	1014	0	0	0	0	0	0	0	0	0	0	
8	744	1340	1110	926	925	925	924	1334	1337	0	0	0	0	0	0	0	0	0	0	
9	745	927	929	928	928	932	12	940	941	942	0	0	0	0	0	0	0	0	0	
7	746	12	775	930	978	777	777	4	0	0	0	0	0	0	0	0	0	0	0	
7	747	933	1368	1361	1367	1360	934	935	0	0	0	0	0	0	0	0	0	0	0	
8	748	932	936	936	749	940	938	938	937	0	0	0	0	0	0	0	0	0	0	
8	749	936	781	985	898	931	932	932	748	0	0	0	0	0	0	0	0	0	0	
10	750	758	943	942	942	751	926	926	953	953	752	0	0	0	0	0	0	0	0	
5	751	929	955	758	942	750	0	0	0	0	0	0	0	0	0	0	0	0	0	
4	752	925	926	953	750	0	0	0	0	0	0	0	0	0	0	0	0	0	0	
6	753	966	754	947	944	945	945	0	0	0	0	0	0	0	0	0	0	0	0	
6	754	956	753	966	945	957	957	0	0	0	0	0	0	0	0	0	0	0	0	
7	755	944	946	928	928	927	756	947	0	0	0	0	0	0	0	0	0	0	0	
6	756	927	944	755	930	4	769	0	0	0	0	0	0	0	0	0	0	0	0	
7	757	950	949	795	795	0	830	830	0	0	0	0	0	0	0	0	0	0	0	
6	758	760	953	750	751	954	955	0	0	0	0	0	0	0	0	0	0	0	0	
9	759	958	760	954	954	945	923	951	959	959	0	0	0	0	0	0	0	0	0	
8	760	758	954	759	951	952	952	953	951	0	0	0	0	0	0	0	0	0	0	
5	761	956	957	1181	762	1181	0	0	0	0	0	0	0	0	0	0	0	0	0	
7	762	973	761	957	1181	970	970	1196	0	0	0	0	0	0	0	0	0	0	0	
7	763	1202	2	960	862	1202	962	977	0	0	0	0	0	0	0	0	0	0	0	
8	764	980	766	766	975	765	964	965	965	0	0	0	0	0	0	0	0	0	0	
7	765	963	776	980	764	980	964	964	0	0	0	0	0	0	0	0	0	0	0	
6	766	764	764	980	981	974	975	0	0	0	0	0	0	0	0	0	0	0	0	
6	767	769	770	964	768	967	965	0	0	0	0	0	0	0	0	0	0	0	0	
6	768	944	966	769	767	967	967	0	0	0	0	0	0	0	0	0	0	0	0	
7	769	767	944	944	768	770	756	4	0	0	0	0	0	0	0	0	0	0	0	
7	770	767	769	4	963	964	964	963	0	0	0	0	0	0	0	0	0	0	0	
8	771	976	772	971	772	971	972	977	2	0	0	0	0	0	0	0	0	0	0	
8	772	969	771	771	2	2	973	971	970	0	0	0	0	0	0	0	0	0	0	
10	773	974	981	981	14	961	13	774	774	975	975	0	0	0	0	0	0	0	0	
7	774	14	961	773	773	961	1333	3	0	0	0	0	0	0	0	0	0	0	0	
7	775	746	12	931	986	932	932	978	0	0	0	0	0	0	0	0	0	0	0	
6	776	765	980	777	978	963	15	0	0	0	0	0	0	0	0	0	0	0	0	
7	777	776	963	963	4	746	978	746	0	0	0	0	0	0	0	0	0	0	0	
8	778	1369	1377	1377	779	1366	1343	983	1345	0	0	0	0	0	0	0	0	0	0	
5	779	1169	778	1365	1366	1377	0	0	0	0	0	0	0	0	0	0	0	0	0	
7	780	1333	981	15	14	1329	1332	984	0	0	0	0	0	0	0	0	0	0	0	
8	781	985	749	21	1327	987	898	1324	1336	0	0	0	0	0	0	0	0	0	0	
9	782	783	789	991	993	993	989	988	994	994	0	0	0	0	0	0	0	0	0	
7	783	782	988	990	990	1000	1002	789	0	0	0	0	0	0	0	0	0	0	0	
7	784	786	794	785	1183	786	997	996	0	0	0	0	0	0	0	0	0	0	0	
7	785	852	784	996	1183	851	995	995	0	0	0	0	0	0	0	0	0	0	0	
10	786	784	784	1183	1183	5	1009	792	792	794	1009	0	0	0	0	0	0	0	0	
5	787	996	997	788	1001	999	0	0	0	0	0	0	0	0	0	0	0	0	0	
6	788	787	997	794	1021	1023	1001	0	0	0	0	0	0	0	0	0	0	0	0	
6	789	782	791	1003	994	1002	783	0	0	0	0	0	0	0	0	0	0	0	0	
5	790	1002	1085	791	1002	1406	0	0	0	0	0	0	0	0	0	0	0	0	0	
8	791	1406	1407	1407	6	789	790	1003	1003	0	0	0	0	0	0	0	0	0	0	
8	792	1021	794	1009	1007	1007	793	786	786	0	0	0	0	0	0	0	0	0	0	
7	793	1006	1020	1021	1021	1004	1007	792	0	0	0	0	0	0	0	0	0	0	0	
8	794	784	792	1021	1021	788	997	997	786	0	0	0	0	0	0	0	0	0	0	
9	795	757	949	949	1014	757	1011	796	796	0	0	0	0	0	0	0	0	0	0	
9	796	1004	1004	795	1011	1011	1005	795	1008	0	0	0	0	0	0	0	0	0	0	
8	797	1016	1015	1408	799	1017	1018	1018	1429	0	0	0	0	0	0	0	0	0	0	
7	798	1023	1019	1027	1020	1021	1104	1027	0	0	0	0	0	0	0	0	0	0	0	
7	799	1027	797	1018	1019	819	1088	1408	0	0	0	0	0	0	0	0	0	0	0	
6	800	1107	1029	1080	1103	1076	1091	0	0	0	0	0	0	0	0	0	0	0	0	
4	801	1041	1409	1430	1045	0	0	0	0	0	0	0	0	0	0	0	0	0	0	
7	802	1038	1410	1037	1034	117	378	117	0	0	0	0	0	0	0	0	0	0	0	
6	803	1096	804	1033	1034	1038	1038	0	0	0	0	0	0	0	0	0	0	0	0	
6	804	1096	1033	803	1046	819	827	0	0	0	0	0	0	0	0	0	0	0	0	
8	805	1042	1036	1036	1431	806	1041	1411	120	0	0	0	0	0	0	0	0	0	0	
6	806	1042	805	1041	1041	1086	1043	0	0	0	0	0	0	0	0	0	0	0	0	
6	807	1055	1056	1047	1057	1433	1433	0	0	0	0	0	0	0	0	0	0	0	0	
5	808	1436	1050	1048	1051	1412	0	0	0	0	0	0	0	0	0	0	0	0	0	
6	809	1050	1100	1049	825	1057	1047	0	0	0	0	0	0	0	0	0	0	0	0	
7	810	1048	1413	1055	1055	1054	1052	1435	0	0	0	0	0	0	0	0	0	0	0	
6	811	1060	1061	821	1059	1077	1065	0	0	0	0	0	0	0	0	0	0	0	0	
6	812	1416	1067	1067	1066	1439	1061	0	0	0	0	0	0	0	0	0	0	0	0	
7	813	1070	1072	1417	1419	1418	1071	1073	0	0	0	0	0	0	0	0	0	0	0	
6	814	1076	1079	1075	1420	407	1421	0	0	0	0	0	0	0	0	0	0	0	0	
7	815	1080	1031	816	1081	134	1074	1074	0	0	0	0	0	0	0	0	0	0	0	
9	816	1073	815	1031	1031	1030	1030	1102	1032	1074	0	0	0	0	0	0	0	0	0	
5	817	1090	1079	1422	1078	1443	0	0	0	0	0	0	0	0	0	0	0	0	0	
7	818	1083	1109	1084	1108	1094	1094	1040	0	0	0	0	0	0	0	0	0	0	0	
9	819	1088	1424	827	1105	820	820	799	1027	804	0	0	0	0	0	0	0	0	0	
8	820	1424	1407	1407	6	1046	819	819	1046	0	0	0	0	0	0	0	0	0	0	
8	821	1077	811	1075	1093	1107	1093	1091	1065	0	0	0	0	0	0	0	0	0	0	
6	822	1061	1093	1093	1065	1099	1068	0	0	0	0	0	0	0	0	0	0	0	0	
5	823	1053	1052	1054	1053	1056	0	0	0	0	0	0	0	0	0	0	0	0	0	
7	824	1057	1037	1095	1056	1056	1096	1097	0	0	0	0	0	0	0	0	0	0	0	
6	825	809	1100	1098	828	1057	1097	0	0	0	0	0	0	0	0	0	0	0	0	
5	826	1104	1070	1028	1105	1105	0	0	0	0	0	0	0	0	0	0	0	0	0	
6	827	819	1105	804	1096	1097	1096	0	0	0	0	0	0	0	0	0	0	0	0	
6	828	1105	825	1098	1097	1106	1028	0	0	0	0	0	0	0	0	0	0	0	0	
6	829	924	1110	830	1111	1113	1113	0	0	0	0	0	0	0	0	0	0	0	0	
7	830	1111	924	829	1123	757	757	0	0	0	0	0	0	0	0	0	0	0	0	
8	831	1116	1338	1338	904	1353	832	832	1118	0	0	0	0	0	0	0	0	0	0	
6	832	831	831	1353	1110	1110	1113	0	0	0	0	0	0	0	0	0	0	0	0	
6	833	835	1121	834	834	1125	1124	0	0	0	0	0	0	0	0	0	0	0	0	
10	834	1007	1123	1008	835	833	833	1124	1009	1115	1115	0	0	0	0	0	0	0	0	
10	835	833	834	1009	1009	5	1347	1119	1119	1121	1347	0	0	0	0	0	0	0	0	
5	836	1132	1133	1142	1143	1145	0	0	0	0	0	0	0	0	0	0	0	0	0	
10	837	1146	1157	1159	1161	1134	1135	1136	1147	1148	1148	0	0	0	0	0	0	0	0	
8	838	1112	1140	1118	1112	1139	1126	1126	839	0	0	0	0	0	0	0	0	0	0	
5	839	1116	1118	1138	16	838	0	0	0	0	0	0	0	0	0	0	0	0	0	
6	840	1120	1160	1151	1149	1150	1122	0	0	0	0	0	0	0	0	0	0	0	0	
6	841	1156	1131	1131	1132	842	1254	0	0	0	0	0	0	0	0	0	0	0	0	
10	842	841	1132	1258	1254	1254	880	880	1133	1133	9	0	0	0	0	0	0	0	0	
6	843	1304	1302	1137	1137	1161	1161	0	0	0	0	0	0	0	0	0	0	0	0	
6	844	1370	1168	1364	908	1372	1372	0	0	0	0	0	0	0	0	0	0	0	0	
8	845	1173	1171	1171	1226	1226	876	876	10	0	0	0	0	0	0	0	0	0	0	
6	846	1214	1172	848	1209	866	1207	0	0	0	0	0	0	0	0	0	0	0	0	
5	847	1171	848	1176	1170	1172	0	0	0	0	0	0	0	0	0	0	0	0	0	
8	848	1174	847	846	1172	1172	1177	1176	1175	0	0	0	0	0	0	0	0	0	0	
6	849	1176	1224	871	1170	1170	1178	0	0	0	0	0	0	0	0	0	0	0	0	
8	850	960	1180	860	860	1199	961	3	1331	0	0	0	0	0	0	0	0	0	0	
9	851	893	852	852	785	853	995	990	990	7	0	0	0	0	0	0	0	0	0	
9	852	1183	785	851	893	893	894	851	1184	1184	0	0	0	0	0	0	0	0	0	
7	853	893	851	7	1294	1425	1295	1425	0	0	0	0	0	0	0	0	0	0	0	
7	854	1189	1184	1348	5	1183	1183	1185	0	0	0	0	0	0	0	0	0	0	0	
7	855	1191	1426	1	1190	856	1425	1425	0	0	0	0	0	0	0	0	0	0	0	
7	856	1191	1191	855	1	742	1192	742	0	0	0	0	0	0	0	0	0	0	0	
10	857	1181	1196	1194	1194	1182	1282	1280	1283	1283	1182	0	0	0	0	0	0	0	0	
6	858	741	742	1300	1299	859	1213	0	0	0	0	0	0	0	0	0	0	0	0	
10	859	741	741	1300	858	1281	1281	922	923	923	1195	0	0	0	0	0	0	0	0	
7	860	1199	850	850	1180	1179	1200	892	0	0	0	0	0	0	0	0	0	0	0	
8	861	892	892	1179	1344	1186	1187	1187	1288	0	0	0	0	0	0	0	0	0	0	
7	862	763	1202	960	1199	1203	1201	1201	0	0	0	0	0	0	0	0	0	0	0	
5	863	1289	864	1204	1206	1206	0	0	0	0	0	0	0	0	0	0	0	0	0	
8	864	863	874	1289	1290	873	875	875	1206	0	0	0	0	0	0	0	0	0	0	
6	865	10	1296	1297	18	1207	1207	0	0	0	0	0	0	0	0	0	0	0	0	
7	866	1208	1214	1299	1300	1208	1209	846	0	0	0	0	0	0	0	0	0	0	0	
7	867	1286	1217	1215	1284	1215	1216	890	0	0	0	0	0	0	0	0	0	0	0	
5	868	1204	1200	1205	892	1288	0	0	0	0	0	0	0	0	0	0	0	0	0	
6	869	1222	1225	1205	1221	1221	1219	0	0	0	0	0	0	0	0	0	0	0	0	
7	870	1226	1170	871	1237	1227	1235	1225	0	0	0	0	0	0	0	0	0	0	0	
6	871	849	870	1170	1224	1225	1225	0	0	0	0	0	0	0	0	0	0	0	0	
4	872	1293	10	876	1231	0	0	0	0	0	0	0	0	0	0	0	0	0	0	
6	873	875	1228	864	875	1230	874	0	0	0	0	0	0	0	0	0	0	0	0	
6	874	1229	1206	1206	864	1230	873	0	0	0	0	0	0	0	0	0	0	0	0	
8	875	873	873	864	864	1290	1291	1228	1291	0	0	0	0	0	0	0	0	0	0	
10	876	1226	872	10	845	845	1227	1232	1232	1231	1231	0	0	0	0	0	0	0	0	
5	877	1223	1223	1229	1239	1233	0	0	0	0	0	0	0	0	0	0	0	0	0	
7	878	1228	20	1229	1230	1228	1239	1240	0	0	0	0	0	0	0	0	0	0	0	
6	879	1244	1234	1234	1233	1451	19	0	0	0	0	0	0	0	0	0	0	0	0	
8	880	1261	1258	842	842	9	1259	1260	1260	0	0	0	0	0	0	0	0	0	0	
7	881	1263	1260	1157	1159	1158	1261	1262	0	0	0	0	0	0	0	0	0	0	0	
10	882	1265	1164	1164	1163	1266	887	1266	1277	613	1465	0	0	0	0	0	0	0	0	
10	883	1266	1163	1163	1155	1156	1254	1254	1255	1255	1257	0	0	0	0	0	0	0	0	
5	884	1267	1167	1268	1265	888	0	0	0	0	0	0	0	0	0	0	0	0	0	
10	885	1256	1270	1258	1259	1259	1274	1270	1273	1271	1273	0	0	0	0	0	0	0	0	
7	886	1262	1278	1274	609	1276	1463	1463	0	0	0	0	0	0	0	0	0	0	0	
4	887	882	1465	1257	1266	0	0	0	0	0	0	0	0	0	0	0	0	0	0	
12	888	1268	1278	1269	1269	884	1265	1265	889	1466	617	611	611	0	0	0	0	0	0	
4	889	1277	1265	888	611	0	0	0	0	0	0	0	0	0	0	0	0	0	0	
7	890	968	891	891	1286	1198	1285	867	0	0	0	0	0	0	0	0	0	0	0	
8	891	890	890	968	1202	1202	1203	1203	1286	0	0	0	0	0	0	0	0	0	0	
7	892	861	1288	1179	861	1200	860	868	0	0	0	0	0	0	0	0	0	0	0	
9	893	851	853	852	852	1294	1293	1292	1292	894	0	0	0	0	0	0	0	0	0	
5	894	1291	1184	852	1292	893	0	0	0	0	0	0	0	0	0	0	0	0	0	
7	895	1162	1313	1165	1163	1305	1164	897	0	0	0	0	0	0	0	0	0	0	0	
6	896	1154	1153	1308	1308	1315	1152	0	0	0	0	0	0	0	0	0	0	0	0	
6	897	1320	1305	895	1313	1312	1319	0	0	0	0	0	0	0	0	0	0	0	0	
4	898	936	781	749	1324	0	0	0	0	0	0	0	0	0	0	0	0	0	0	
7	899	17	1343	1330	1330	1333	1332	1331	0	0	0	0	0	0	0	0	0	0	0	
6	900	1343	1332	983	901	901	1362	0	0	0	0	0	0	0	0	0	0	0	0	
9	901	1328	1350	1335	1362	900	1332	1329	900	1351	0	0	0	0	0	0	0	0	0	
5	902	1346	1120	1364	1347	1363	0	0	0	0	0	0	0	0	0	0	0	0	0	
7	903	1186	1344	1348	1348	1366	1349	1345	0	0	0	0	0	0	0	0	0	0	0	
9	904	831	1353	1354	1358	1338	1339	1339	1355	906	0	0	0	0	0	0	0	0	0	
4	905	1340	906	1356	1358	0	0	0	0	0	0	0	0	0	0	0	0	0	0	
6	906	905	1337	1353	904	1358	1358	0	0	0	0	0	0	0	0	0	0	0	0	
10	907	935	1323	1323	1361	1326	1325	1325	1341	1341	1357	0	0	0	0	0	0	0	0	
6	908	909	1365	1364	1169	844	1347	0	0	0	0	0	0	0	0	0	0	0	0	
7	909	908	1347	5	1348	1349	1348	1365	0	0	0	0	0	0	0	0	0	0	0	
7	910	982	1381	1379	1369	1377	911	921	0	0	0	0	0	0	0	0	0	0	0	
7	911	1375	1379	910	921	1403	1403	915	0	0	0	0	0	0	0	0	0	0	0	
6	912	913	1389	1336	1352	1352	1380	0	0	0	0	0	0	0	0	0	0	0	0	
5	913	912	1360	1352	916	916	0	0	0	0	0	0	0	0	0	0	0	0	0	
7	914	1383	982	1351	1350	1380	1380	1350	0	0	0	0	0	0	0	0	0	0	0	
6	915	1379	911	1403	1394	1402	1388	0	0	0	0	0	0	0	0	0	0	0	0	
10	916	1389	913	913	1367	1367	1385	920	920	1398	1398	0	0	0	0	0	0	0	0	
5	917	919	1390	1471	1387	1393	0	0	0	0	0	0	0	0	0	0	0	0	0	
8	918	1396	1396	1482	1405	1382	1382	22	1480	0	0	0	0	0	0	0	0	0	0	
8	919	1371	1390	917	1391	1372	1378	1378	1386	0	0	0	0	0	0	0	0	0	0	
8	920	1397	1396	1389	1400	1401	22	916	916	0	0	0	0	0	0	0	0	0	0	
9	921	1375	911	910	1381	1381	1382	1405	1481	1481	0	0	0	0	0	0	0	0	0	
4	922	741	859	951	923	0	0	0	0	0	0	0	0	0	0	0	0	0	0	
10	923	959	1193	1193	1195	859	859	922	951	951	759	0	0	0	0	0	0	0	0	
7	924	950	830	829	1110	1110	744	925	0	0	0	0	0	0	0	0	0	0	0	
10	925	926	752	744	744	952	950	950	924	953	953	0	0	0	0	0	0	0	0	
9	926	925	744	1334	1334	939	943	750	750	752	0	0	0	0	0	0	0	0	0	
6	927	745	12	930	756	755	928	0	0	0	0	0	0	0	0	0	0	0	0	
7	928	755	755	745	927	745	946	929	0	0	0	0	0	0	0	0	0	0	0	
5	929	751	942	745	928	946	0	0	0	0	0	0	0	0	0	0	0	0	0	
5	930	12	927	746	4	756	0	0	0	0	0	0	0	0	0	0	0	0	0	
5	931	986	775	985	932	749	0	0	0	0	0	0	0	0	0	0	0	0	0	
9	932	940	748	931	775	775	12	749	749	745	0	0	0	0	0	0	0	0	0	
7	933	747	11	1373	934	1354	1354	1373	0	0	0	0	0	0	0	0	0	0	0	
8	934	1357	1358	933	747	1354	1354	935	1357	0	0	0	0	0	0	0	0	0	0	
5	935	907	1357	1361	934	747	0	0	0	0	0	0	0	0	0	0	0	0	0	
9	936	898	749	1324	748	748	937	1323	1342	1324	0	0	0	0	0	0	0	0	0	
5	937	938	1326	936	748	1323	0	0	0	0	0	0	0	0	0	0	0	0	0	
7	938	937	940	941	939	1326	748	748	0	0	0	0	0	0	0	0	0	0	0	
9	939	942	942	1334	926	938	941	1326	943	1325	0	0	0	0	0	0	0	0	0	
5	940	932	938	745	748	941	0	0	0	0	0	0	0	0	0	0	0	0	0	
5	941	938	942	939	940	745	0	0	0	0	0	0	0	0	0	0	0	0	0	
9	942	929	943	939	939	941	751	745	750	750	0	0	0	0	0	0	0	0	0	
4	943	942	750	926	939	0	0	0	0	0	0	0	0	0	0	0	0	0	0	
9	944	756	769	769	768	947	755	966	966	753	0	0	0	0	0	0	0	0	0	
11	945	956	958	759	947	753	753	754	947	954	948	958	0	0	0	0	0	0	0	
6	946	755	947	948	928	955	929	0	0	0	0	0	0	0	0	0	0	0	0	
7	947	944	946	753	945	945	948	755	0	0	0	0	0	0	0	0	0	0	0	
6	948	946	947	954	955	955	945	0	0	0	0	0	0	0	0	0	0	0	0	
6	949	757	950	795	795	743	1014	0	0	0	0	0	0	0	0	0	0	0	0	
9	950	741	757	924	949	951	743	952	925	925	0	0	0	0	0	0	0	0	0	
10	951	922	741	741	950	923	923	952	760	760	759	0	0	0	0	0	0	0	0	
6	952	951	950	760	760	925	953	0	0	0	0	0	0	0	0	0	0	0	0	
8	953	758	760	952	925	925	752	750	750	0	0	0	0	0	0	0	0	0	0	
7	954	760	758	759	759	955	948	945	0	0	0	0	0	0	0	0	0	0	0	
6	955	751	954	758	948	948	946	0	0	0	0	0	0	0	0	0	0	0	0	
6	956	761	945	754	957	958	1181	0	0	0	0	0	0	0	0	0	0	0	0	
7	957	761	973	762	956	754	754	966	0	0	0	0	0	0	0	0	0	0	0	
6	958	759	945	945	956	1181	959	0	0	0	0	0	0	0	0	0	0	0	0	
7	959	1182	1193	923	958	1181	759	759	0	0	0	0	0	0	0	0	0	0	0	
7	960	763	961	850	1199	862	962	962	0	0	0	0	0	0	0	0	0	0	0	
9	961	960	773	774	774	3	962	962	13	850	0	0	0	0	0	0	0	0	0	
7	962	977	13	961	960	960	763	961	0	0	0	0	0	0	0	0	0	0	0	
8	963	765	777	776	777	964	770	770	4	0	0	0	0	0	0	0	0	0	0	
8	964	965	767	963	765	765	764	770	770	0	0	0	0	0	0	0	0	0	0	
8	965	964	975	764	764	967	767	972	976	0	0	0	0	0	0	0	0	0	0	
12	966	971	971	753	944	944	768	754	957	967	967	972	973	0	0	0	0	0	0	
7	967	966	768	768	767	966	965	972	0	0	0	0	0	0	0	0	0	0	0	
6	968	890	1198	1198	969	891	1202	0	0	0	0	0	0	0	0	0	0	0	0	
6	969	970	772	1198	1197	968	2	0	0	0	0	0	0	0	0	0	0	0	0	
8	970	969	1197	1196	1196	762	973	772	762	0	0	0	0	0	0	0	0	0	0	
7	971	973	966	966	972	771	771	772	0	0	0	0	0	0	0	0	0	0	0	
6	972	971	966	967	965	976	771	0	0	0	0	0	0	0	0	0	0	0	0	
6	973	971	762	957	966	772	970	0	0	0	0	0	0	0	0	0	0	0	0	
4	974	773	975	766	981	0	0	0	0	0	0	0	0	0	0	0	0	0	0	
8	975	764	976	965	974	773	773	13	766	0	0	0	0	0	0	0	0	0	0	
6	976	975	977	771	13	972	965	0	0	0	0	0	0	0	0	0	0	0	0	
6	977	962	976	763	2	13	771	0	0	0	0	0	0	0	0	0	0	0	0	
8	978	776	746	775	777	986	986	15	979	0	0	0	0	0	0	0	0	0	0	
5	979	986	986	984	15	978	0	0	0	0	0	0	0	0	0	0	0	0	0	
7	980	764	765	765	776	766	15	981	0	0	0	0	0	0	0	0	0	0	0	
8	981	773	773	780	766	974	980	15	14	0	0	0	0	0	0	0	0	0	0	
9	982	910	1383	1369	1381	914	983	1362	1362	1351	0	0	0	0	0	0	0	0	0	
7	983	900	982	1369	1369	778	1362	1343	0	0	0	0	0	0	0	0	0	0	0	
6	984	987	1329	979	15	780	986	0	0	0	0	0	0	0	0	0	0	0	0	
6	985	986	781	931	749	987	987	0	0	0	0	0	0	0	0	0	0	0	0	
8	986	931	985	775	979	978	978	979	984	0	0	0	0	0	0	0	0	0	0	
6	987	1329	984	781	985	985	1328	0	0	0	0	0	0	0	0	0	0	0	0	
4	988	783	782	990	989	0	0	0	0	0	0	0	0	0	0	0	0	0	0	
8	989	782	1427	7	993	988	990	990	1428	0	0	0	0	0	0	0	0	0	0	
11	990	995	783	988	783	989	989	7	851	851	998	1000	0	0	0	0	0	0	0	
5	991	782	994	1012	992	993	0	0	0	0	0	0	0	0	0	0	0	0	0	
6	992	1012	991	993	993	1014	1	0	0	0	0	0	0	0	0	0	0	0	0	
10	993	782	782	1428	989	991	992	992	1	1426	1426	0	0	0	0	0	0	0	0	
6	994	991	782	782	789	1012	1003	0	0	0	0	0	0	0	0	0	0	0	0	
6	995	998	990	851	785	785	996	0	0	0	0	0	0	0	0	0	0	0	0	
7	996	785	787	999	997	995	998	784	0	0	0	0	0	0	0	0	0	0	0	
6	997	787	996	788	784	794	794	0	0	0	0	0	0	0	0	0	0	0	0	
6	998	995	1024	1000	996	990	999	0	0	0	0	0	0	0	0	0	0	0	0	
7	999	1001	1022	996	998	1024	1024	787	0	0	0	0	0	0	0	0	0	0	0	
6	1000	998	783	990	1024	1085	1002	0	0	0	0	0	0	0	0	0	0	0	0	
6	1001	999	1101	787	788	1022	1023	0	0	0	0	0	0	0	0	0	0	0	0	
6	1002	790	790	789	1085	783	1000	0	0	0	0	0	0	0	0	0	0	0	0	
10	1003	789	791	791	6	1012	994	1013	1015	1015	1016	0	0	0	0	0	0	0	0	
8	1004	1008	796	796	1005	1006	793	1007	1007	0	0	0	0	0	0	0	0	0	0	
6	1005	1004	796	1006	1006	1011	1018	0	0	0	0	0	0	0	0	0	0	0	0	
7	1006	793	1004	1005	1005	1018	1019	1020	0	0	0	0	0	0	0	0	0	0	0	
9	1007	1009	834	1008	1004	1004	793	1008	792	792	0	0	0	0	0	0	0	0	0	
7	1008	1004	834	1007	1007	796	1123	0	0	0	0	0	0	0	0	0	0	0	0	
8	1009	1007	835	834	835	792	786	786	5	0	0	0	0	0	0	0	0	0	0	
5	1010	1016	1011	1012	1014	1013	0	0	0	0	0	0	0	0	0	0	0	0	0	
11	1011	1016	1016	795	1014	1014	1010	796	796	1005	1017	1018	0	0	0	0	0	0	0	
8	1012	991	1014	992	994	1003	1013	1010	1013	0	0	0	0	0	0	0	0	0	0	
5	1013	1012	1012	1003	1016	1010	0	0	0	0	0	0	0	0	0	0	0	0	0	
10	1014	1012	795	1011	1011	949	743	743	1	1010	992	0	0	0	0	0	0	0	0	
8	1015	797	1429	1016	1003	1003	6	1407	1407	0	0	0	0	0	0	0	0	0	0	
8	1016	797	1017	1011	1011	1010	1015	1013	1003	0	0	0	0	0	0	0	0	0	0	
4	1017	1016	797	1018	1011	0	0	0	0	0	0	0	0	0	0	0	0	0	0	
9	1018	1017	797	797	799	1006	1005	1011	1019	1019	0	0	0	0	0	0	0	0	0	
7	1019	1027	798	1018	799	1020	1006	1018	0	0	0	0	0	0	0	0	0	0	0	
5	1020	793	1021	1019	798	1006	0	0	0	0	0	0	0	0	0	0	0	0	0	
9	1021	792	793	793	1020	794	794	1023	788	798	0	0	0	0	0	0	0	0	0	
6	1022	999	1024	1001	1101	1025	1025	0	0	0	0	0	0	0	0	0	0	0	0	
9	1023	1021	798	788	1101	1101	1001	1104	1104	1102	0	0	0	0	0	0	0	0	0	
9	1024	998	999	999	1022	1000	1025	1083	1083	1085	0	0	0	0	0	0	0	0	0	
9	1025	1024	1022	1022	1101	1083	1083	1026	1029	1103	0	0	0	0	0	0	0	0	0	
5	1026	1083	1025	1103	1109	1109	0	0	0	0	0	0	0	0	0	0	0	0	0	
7	1027	1019	799	1104	798	798	819	1105	0	0	0	0	0	0	0	0	0	0	0	
7	1028	1089	1105	1070	826	1072	1089	828	0	0	0	0	0	0	0	0	0	0	0	
6	1029	1031	1101	800	1103	1030	1025	0	0	0	0	0	0	0	0	0	0	0	0	
6	1030	1101	1031	1029	816	816	1102	0	0	0	0	0	0	0	0	0	0	0	0	
6	1031	1080	1029	815	816	1030	816	0	0	0	0	0	0	0	0	0	0	0	0	
6	1032	1071	1104	1102	816	1070	1073	0	0	0	0	0	0	0	0	0	0	0	0	
7	1033	804	1430	1034	1034	803	1045	1046	0	0	0	0	0	0	0	0	0	0	0	
8	1034	1033	1033	1430	803	802	1038	378	378	0	0	0	0	0	0	0	0	0	0	
7	1035	1039	1410	1036	1036	1042	1040	1094	0	0	0	0	0	0	0	0	0	0	0	
6	1036	805	805	1035	1035	1410	1431	0	0	0	0	0	0	0	0	0	0	0	0	
8	1037	1038	824	802	1410	1039	1039	1095	1096	0	0	0	0	0	0	0	0	0	0	
6	1038	802	1037	803	1034	1096	803	0	0	0	0	0	0	0	0	0	0	0	0	
5	1039	1035	1094	1410	1037	1037	0	0	0	0	0	0	0	0	0	0	0	0	0	
5	1040	1084	1035	1042	1094	818	0	0	0	0	0	0	0	0	0	0	0	0	0	
11	1041	801	1045	1432	1409	1409	1043	806	806	805	120	120	0	0	0	0	0	0	0	
6	1042	805	1035	1040	806	1086	1084	0	0	0	0	0	0	0	0	0	0	0	0	
6	1043	1041	1045	1086	806	1044	1086	0	0	0	0	0	0	0	0	0	0	0	0	
6	1044	1046	1043	1045	1086	1086	6	0	0	0	0	0	0	0	0	0	0	0	0	
8	1045	1041	1046	801	1430	1430	1033	1043	1044	0	0	0	0	0	0	0	0	0	0	
7	1046	1044	1045	820	820	6	1033	804	0	0	0	0	0	0	0	0	0	0	0	
6	1047	1433	1434	1057	807	1049	809	0	0	0	0	0	0	0	0	0	0	0	0	
7	1048	1051	810	1052	1435	808	1412	1412	0	0	0	0	0	0	0	0	0	0	0	
7	1049	809	1436	1050	1047	1437	1434	1434	0	0	0	0	0	0	0	0	0	0	0	
7	1050	809	1436	808	1051	1049	1100	1099	0	0	0	0	0	0	0	0	0	0	0	
5	1051	1048	1052	1050	808	1099	0	0	0	0	0	0	0	0	0	0	0	0	0	
7	1052	1051	1048	823	1092	1092	810	1054	0	0	0	0	0	0	0	0	0	0	0	
7	1053	823	823	1095	1092	1093	1108	1094	0	0	0	0	0	0	0	0	0	0	0	
5	1054	810	1056	823	1052	1055	0	0	0	0	0	0	0	0	0	0	0	0	0	
7	1055	807	1056	810	123	810	1054	1413	0	0	0	0	0	0	0	0	0	0	0	
9	1056	1055	1054	807	1057	1057	824	1095	823	824	0	0	0	0	0	0	0	0	0	
8	1057	1097	824	1056	1047	809	807	1056	825	0	0	0	0	0	0	0	0	0	0	
5	1058	1069	1063	8	1438	1414	0	0	0	0	0	0	0	0	0	0	0	0	0	
8	1059	1062	1064	811	1077	1415	1060	1440	1078	0	0	0	0	0	0	0	0	0	0	
5	1060	811	1439	1061	1059	1415	0	0	0	0	0	0	0	0	0	0	0	0	0	
9	1061	811	1060	1068	822	1439	1066	1065	812	1065	0	0	0	0	0	0	0	0	0	
7	1062	1440	1059	1064	8	8	1441	1063	0	0	0	0	0	0	0	0	0	0	0	
5	1063	1058	8	1441	1062	1438	0	0	0	0	0	0	0	0	0	0	0	0	0	
7	1064	1062	1059	1078	1090	1106	1106	1090	0	0	0	0	0	0	0	0	0	0	0	
6	1065	822	1093	811	1061	1061	821	0	0	0	0	0	0	0	0	0	0	0	0	
4	1066	812	1068	1061	1067	0	0	0	0	0	0	0	0	0	0	0	0	0	0	
6	1067	1442	1068	812	812	1066	1416	0	0	0	0	0	0	0	0	0	0	0	0	
10	1068	1067	1061	1098	1442	1066	1414	1069	1069	1099	822	0	0	0	0	0	0	0	0	
5	1069	1058	8	1068	1414	1068	0	0	0	0	0	0	0	0	0	0	0	0	0	
8	1070	813	1104	826	1028	1071	1032	1072	1071	0	0	0	0	0	0	0	0	0	0	
5	1071	1073	1032	1070	1070	813	0	0	0	0	0	0	0	0	0	0	0	0	0	
6	1072	813	1082	1089	1418	1070	1028	0	0	0	0	0	0	0	0	0	0	0	0	
8	1073	1071	1074	816	406	1032	813	1419	1419	0	0	0	0	0	0	0	0	0	0	
8	1074	406	133	1073	134	134	815	815	816	0	0	0	0	0	0	0	0	0	0	
7	1075	1077	821	1076	1091	1076	1079	814	0	0	0	0	0	0	0	0	0	0	0	
10	1076	1081	814	1075	1075	1091	1091	800	1080	1080	1420	0	0	0	0	0	0	0	0	
6	1077	821	1078	1059	1075	811	1079	0	0	0	0	0	0	0	0	0	0	0	0	
7	1078	1077	1090	1064	1059	1079	1079	817	0	0	0	0	0	0	0	0	0	0	0	
9	1079	1443	817	1077	1075	1078	1078	814	1421	1421	0	0	0	0	0	0	0	0	0	
6	1080	1031	815	800	1081	1076	1076	0	0	0	0	0	0	0	0	0	0	0	0	
8	1081	1444	1420	1420	1076	134	1080	815	1445	0	0	0	0	0	0	0	0	0	0	
7	1082	1089	1106	1418	1072	1090	1090	415	0	0	0	0	0	0	0	0	0	0	0	
9	1083	818	1024	1025	1025	1026	1024	1109	1084	1085	0	0	0	0	0	0	0	0	0	
10	1084	1086	1087	1087	1446	818	1040	1042	1083	1085	1085	0	0	0	0	0	0	0	0	
8	1085	790	1000	1002	1024	1083	1084	1084	1446	0	0	0	0	0	0	0	0	0	0	
9	1086	1084	1042	806	1043	1043	1044	1044	6	1087	0	0	0	0	0	0	0	0	0	
6	1087	1084	1084	1086	6	1407	1407	0	0	0	0	0	0	0	0	0	0	0	0	
4	1088	819	1408	1424	799	0	0	0	0	0	0	0	0	0	0	0	0	0	0	
5	1089	1082	1072	1028	1028	1106	0	0	0	0	0	0	0	0	0	0	0	0	0	
10	1090	1078	817	1422	1423	1423	1082	1082	1106	1064	1064	0	0	0	0	0	0	0	0	
6	1091	1075	821	1076	1076	1107	800	0	0	0	0	0	0	0	0	0	0	0	0	
5	1092	1093	1099	1052	1052	1053	0	0	0	0	0	0	0	0	0	0	0	0	0	
10	1093	822	1092	822	821	821	1065	1053	1108	1107	1108	0	0	0	0	0	0	0	0	
10	1094	1039	1035	1040	1095	1095	818	1108	1108	1053	818	0	0	0	0	0	0	0	0	
6	1095	824	1053	1037	1094	1094	1056	0	0	0	0	0	0	0	0	0	0	0	0	
8	1096	804	803	1038	1037	824	1097	827	827	0	0	0	0	0	0	0	0	0	0	
7	1097	1057	1105	825	1096	824	827	828	0	0	0	0	0	0	0	0	0	0	0	
8	1098	1099	1068	825	1100	828	8	1106	1106	0	0	0	0	0	0	0	0	0	0	
7	1099	1098	1100	1051	1092	1050	822	1068	0	0	0	0	0	0	0	0	0	0	0	
5	1100	809	825	1098	1050	1099	0	0	0	0	0	0	0	0	0	0	0	0	0	
8	1101	1030	1029	1001	1023	1023	1102	1022	1025	0	0	0	0	0	0	0	0	0	0	
6	1102	1101	1023	1104	1032	816	1030	0	0	0	0	0	0	0	0	0	0	0	0	
6	1103	1107	1026	1029	800	1109	1025	0	0	0	0	0	0	0	0	0	0	0	0	
8	1104	1027	826	1070	1032	1023	798	1023	1102	0	0	0	0	0	0	0	0	0	0	
8	1105	819	1097	828	827	1028	1027	826	826	0	0	0	0	0	0	0	0	0	0	
9	1106	1082	8	1090	1089	1064	1064	828	1098	1098	0	0	0	0	0	0	0	0	0	
6	1107	1103	800	821	1091	1093	1109	0	0	0	0	0	0	0	0	0	0	0	0	
7	1108	1093	1093	1053	1109	818	1094	1094	0	0	0	0	0	0	0	0	0	0	0	
7	1109	818	1083	1026	1026	1103	1107	1108	0	0	0	0	0	0	0	0	0	0	0	
9	1110	744	924	924	829	832	1113	832	1337	1353	0	0	0	0	0	0	0	0	0	
10	1111	830	1123	1123	1115	1114	1141	829	1113	1112	1112	0	0	0	0	0	0	0	0	
8	1112	838	838	1118	1111	1111	1141	1141	1140	0	0	0	0	0	0	0	0	0	0	
7	1113	1110	829	829	1111	832	1118	1118	0	0	0	0	0	0	0	0	0	0	0	
6	1114	1111	1143	1141	1115	1145	1144	0	0	0	0	0	0	0	0	0	0	0	0	
8	1115	1111	1114	1123	834	834	1124	1144	1144	0	0	0	0	0	0	0	0	0	0	
6	1116	831	839	1118	1338	1117	16	0	0	0	0	0	0	0	0	0	0	0	0	
8	1117	1339	1338	1116	16	1122	1346	1122	1346	0	0	0	0	0	0	0	0	0	0	
7	1118	839	831	838	1112	1116	1113	1113	0	0	0	0	0	0	0	0	0	0	0	
6	1119	1347	1120	835	835	1149	1121	0	0	0	0	0	0	0	0	0	0	0	0	
8	1120	1122	840	902	1347	1119	1149	1149	1346	0	0	0	0	0	0	0	0	0	0	
8	1121	833	835	1119	1149	1149	1148	1125	1125	0	0	0	0	0	0	0	0	0	0	
9	1122	1120	1346	1117	1117	16	1151	840	1138	1138	0	0	0	0	0	0	0	0	0	
7	1123	1111	1111	834	830	0	1115	1008	0	0	0	0	0	0	0	0	0	0	0	
5	1124	1125	1144	834	1115	833	0	0	0	0	0	0	0	0	0	0	0	0	0	
7	1125	1124	1147	1144	1148	833	1121	1121	0	0	0	0	0	0	0	0	0	0	0	
5	1126	1138	1129	1139	838	838	0	0	0	0	0	0	0	0	0	0	0	0	0	
6	1127	1128	1138	1154	1154	1129	1152	0	0	0	0	0	0	0	0	0	0	0	0	
8	1128	1127	1304	1301	1137	1151	1151	1138	1152	0	0	0	0	0	0	0	0	0	0	
7	1129	1154	1155	1127	1126	1139	1130	1130	0	0	0	0	0	0	0	0	0	0	0	
7	1130	1142	1129	1139	1129	1131	1155	1140	0	0	0	0	0	0	0	0	0	0	0	
7	1131	1142	841	841	1132	1130	1156	1155	0	0	0	0	0	0	0	0	0	0	0	
7	1132	836	1133	841	842	1131	1142	1142	0	0	0	0	0	0	0	0	0	0	0	
10	1133	1132	836	1145	842	842	1134	1134	1135	1135	9	0	0	0	0	0	0	0	0	
6	1134	1133	1145	837	1135	1133	1146	0	0	0	0	0	0	0	0	0	0	0	0	
8	1135	1157	1157	1134	837	1133	1133	1260	9	0	0	0	0	0	0	0	0	0	0	
6	1136	837	1150	1160	1160	1161	1148	0	0	0	0	0	0	0	0	0	0	0	0	
7	1137	1304	843	843	1160	1304	1151	1128	0	0	0	0	0	0	0	0	0	0	0	
8	1138	1127	839	1126	1128	1151	1122	1122	16	0	0	0	0	0	0	0	0	0	0	
6	1139	1129	1126	1130	838	1140	1140	0	0	0	0	0	0	0	0	0	0	0	0	
7	1140	838	1141	1139	1139	1112	1142	1130	0	0	0	0	0	0	0	0	0	0	0	
7	1141	1111	1142	1140	1114	1112	1112	1143	0	0	0	0	0	0	0	0	0	0	0	
9	1142	1131	1130	1141	1132	1132	1143	1143	836	1140	0	0	0	0	0	0	0	0	0	
6	1143	1114	1142	1141	1142	1145	836	0	0	0	0	0	0	0	0	0	0	0	0	
7	1144	1124	1125	1115	1115	1114	1146	1147	0	0	0	0	0	0	0	0	0	0	0	
6	1145	1133	1134	1143	1114	836	1146	0	0	0	0	0	0	0	0	0	0	0	0	
5	1146	1147	837	1145	1144	1134	0	0	0	0	0	0	0	0	0	0	0	0	0	
5	1147	1146	1125	1148	1144	837	0	0	0	0	0	0	0	0	0	0	0	0	0	
9	1148	1147	1125	1121	837	837	1149	1150	1150	1136	0	0	0	0	0	0	0	0	0	
8	1149	1119	1120	1120	840	1121	1121	1150	1148	0	0	0	0	0	0	0	0	0	0	
6	1150	1160	1136	1149	840	1148	1148	0	0	0	0	0	0	0	0	0	0	0	0	
7	1151	1160	840	1137	1128	1128	1122	1138	0	0	0	0	0	0	0	0	0	0	0	
9	1152	1154	1154	896	1127	1301	1128	1301	1315	1311	0	0	0	0	0	0	0	0	0	
6	1153	1154	896	1155	1308	1305	1312	0	0	0	0	0	0	0	0	0	0	0	0	
8	1154	1152	1127	1127	1129	1153	896	1155	1152	0	0	0	0	0	0	0	0	0	0	
10	1155	1154	1163	1129	1305	1305	1153	1130	1131	1156	883	0	0	0	0	0	0	0	0	
5	1156	841	1131	1155	1254	883	0	0	0	0	0	0	0	0	0	0	0	0	0	
6	1157	1260	1135	1135	837	881	1159	0	0	0	0	0	0	0	0	0	0	0	0	
8	1158	1263	1263	1159	881	1166	1267	1267	1264	0	0	0	0	0	0	0	0	0	0	
6	1159	1166	1158	837	1161	881	1157	0	0	0	0	0	0	0	0	0	0	0	0	
7	1160	1150	840	1151	1137	1136	1136	1161	0	0	0	0	0	0	0	0	0	0	0	
10	1161	1302	1303	1159	837	1136	1166	1160	843	1166	843	0	0	0	0	0	0	0	0	
5	1162	895	1165	1167	1306	1313	0	0	0	0	0	0	0	0	0	0	0	0	0	
8	1163	1155	883	1164	895	882	1305	883	1266	0	0	0	0	0	0	0	0	0	0	
6	1164	1163	882	882	895	1265	1165	0	0	0	0	0	0	0	0	0	0	0	0	
5	1165	895	1265	1167	1162	1164	0	0	0	0	0	0	0	0	0	0	0	0	0	
9	1166	1159	1307	1307	1167	1161	1161	1303	1267	1158	0	0	0	0	0	0	0	0	0	
9	1167	884	1166	1265	1265	1267	1165	1307	1306	1162	0	0	0	0	0	0	0	0	0	
8	1168	844	1370	11	1363	1364	1364	1355	1355	0	0	0	0	0	0	0	0	0	0	
6	1169	1365	779	908	1372	1377	1372	0	0	0	0	0	0	0	0	0	0	0	0	
8	1170	1171	870	1226	871	847	1176	849	849	0	0	0	0	0	0	0	0	0	0	
8	1171	1170	1226	1172	847	845	1173	1173	845	0	0	0	0	0	0	0	0	0	0	
7	1172	1171	1207	846	1173	848	848	847	0	0	0	0	0	0	0	0	0	0	0	
6	1173	845	10	1171	1171	1172	1207	0	0	0	0	0	0	0	0	0	0	0	0	
3	1174	1175	848	1209	0	0	0	0	0	0	0	0	0	0	0	0	0	0	0	
8	1175	1174	1210	1210	1209	1177	848	1211	1212	0	0	0	0	0	0	0	0	0	0	
9	1176	1178	849	1177	1216	847	1170	1217	1178	848	0	0	0	0	0	0	0	0	0	
7	1177	1176	848	1175	1215	1216	1212	1212	0	0	0	0	0	0	0	0	0	0	0	
8	1178	1176	1176	1217	1224	1224	849	1287	1221	0	0	0	0	0	0	0	0	0	0	
9	1179	892	860	861	1330	1344	1344	1180	1180	17	0	0	0	0	0	0	0	0	0	
7	1180	850	1331	1331	17	860	1179	1179	0	0	0	0	0	0	0	0	0	0	0	
9	1181	857	1182	761	761	762	958	956	959	1196	0	0	0	0	0	0	0	0	0	
6	1182	959	1181	1194	1193	857	857	0	0	0	0	0	0	0	0	0	0	0	0	
9	1183	852	784	785	786	786	1184	854	854	5	0	0	0	0	0	0	0	0	0	
7	1184	1185	854	894	1183	852	852	1291	0	0	0	0	0	0	0	0	0	0	0	
7	1185	1184	1291	1289	1189	1189	854	1290	0	0	0	0	0	0	0	0	0	0	0	
5	1186	903	1348	1344	1187	861	0	0	0	0	0	0	0	0	0	0	0	0	0	
9	1187	1204	1288	1186	1348	1348	1188	861	861	1188	0	0	0	0	0	0	0	0	0	
6	1188	1289	1204	1348	1189	1187	1187	0	0	0	0	0	0	0	0	0	0	0	0	
7	1189	1348	854	1348	1289	1188	1185	1185	0	0	0	0	0	0	0	0	0	0	0	
5	1190	1191	1296	855	1295	1425	0	0	0	0	0	0	0	0	0	0	0	0	0	
9	1191	855	856	856	1192	1190	1297	1296	1298	1298	0	0	0	0	0	0	0	0	0	
5	1192	1191	742	856	1213	1298	0	0	0	0	0	0	0	0	0	0	0	0	0	
10	1193	1194	1280	959	1182	923	923	1279	1281	1281	1195	0	0	0	0	0	0	0	0	
5	1194	1193	1182	857	1280	857	0	0	0	0	0	0	0	0	0	0	0	0	0	
4	1195	923	1281	859	1193	0	0	0	0	0	0	0	0	0	0	0	0	0	0	
7	1196	857	970	1197	1283	970	1181	762	0	0	0	0	0	0	0	0	0	0	0	
9	1197	1198	1285	1285	970	969	1196	1284	1283	1283	0	0	0	0	0	0	0	0	0	
6	1198	1197	969	1285	968	890	968	0	0	0	0	0	0	0	0	0	0	0	0	
6	1199	1200	860	960	850	862	1201	0	0	0	0	0	0	0	0	0	0	0	0	
7	1200	1201	1199	1218	868	1220	860	892	0	0	0	0	0	0	0	0	0	0	0	
7	1201	1221	1200	1287	862	862	1199	1203	0	0	0	0	0	0	0	0	0	0	0	
8	1202	763	763	862	891	968	2	1203	891	0	0	0	0	0	0	0	0	0	0	
6	1203	1202	862	891	891	1286	1201	0	0	0	0	0	0	0	0	0	0	0	0	
10	1204	1223	1205	1205	868	1206	1187	1188	1289	863	1288	0	0	0	0	0	0	0	0	
8	1205	1204	1204	1222	869	1220	868	1219	1223	0	0	0	0	0	0	0	0	0	0	
7	1206	1204	874	874	863	863	864	1229	0	0	0	0	0	0	0	0	0	0	0	
7	1207	1214	1172	1173	865	865	18	846	0	0	0	0	0	0	0	0	0	0	0	
6	1208	1210	1209	866	866	1300	1281	0	0	0	0	0	0	0	0	0	0	0	0	
6	1209	1208	1210	1174	846	1175	866	0	0	0	0	0	0	0	0	0	0	0	0	
8	1210	1208	1279	1211	1175	1175	1209	1280	1282	0	0	0	0	0	0	0	0	0	0	
4	1211	1210	1282	1212	1175	0	0	0	0	0	0	0	0	0	0	0	0	0	0	
8	1212	1211	1282	1175	1284	1215	1177	1177	1283	0	0	0	0	0	0	0	0	0	0	
7	1213	742	858	1192	1214	18	1299	1298	0	0	0	0	0	0	0	0	0	0	0	
6	1214	1207	18	866	846	1299	1213	0	0	0	0	0	0	0	0	0	0	0	0	
6	1215	867	867	1216	1284	1177	1212	0	0	0	0	0	0	0	0	0	0	0	0	
5	1216	1176	1217	1215	1177	867	0	0	0	0	0	0	0	0	0	0	0	0	0	
6	1217	867	1176	1216	1178	1286	1287	0	0	0	0	0	0	0	0	0	0	0	0	
4	1218	1221	1200	1219	1220	0	0	0	0	0	0	0	0	0	0	0	0	0	0	
6	1219	1221	869	1218	1220	1220	1205	0	0	0	0	0	0	0	0	0	0	0	0	
5	1220	1200	1219	1205	1219	1218	0	0	0	0	0	0	0	0	0	0	0	0	0	
8	1221	1201	1218	1287	1219	869	869	1224	1178	0	0	0	0	0	0	0	0	0	0	
5	1222	869	1205	1234	1234	1225	0	0	0	0	0	0	0	0	0	0	0	0	0	
8	1223	1204	877	1233	1205	1234	1234	1229	877	0	0	0	0	0	0	0	0	0	0	
6	1224	849	1221	1178	1178	1225	871	0	0	0	0	0	0	0	0	0	0	0	0	
9	1225	1234	19	869	1224	871	871	1235	870	1222	0	0	0	0	0	0	0	0	0	
7	1226	1171	1227	876	870	845	1170	845	0	0	0	0	0	0	0	0	0	0	0	
6	1227	1226	1237	870	876	1236	1232	0	0	0	0	0	0	0	0	0	0	0	0	
8	1228	873	878	878	1230	1291	1292	875	20	0	0	0	0	0	0	0	0	0	0	
7	1229	874	878	1223	1206	877	1230	1239	0	0	0	0	0	0	0	0	0	0	0	
5	1230	878	1228	1229	874	873	0	0	0	0	0	0	0	0	0	0	0	0	0	
9	1231	1242	1241	1232	1238	1293	1293	872	876	876	0	0	0	0	0	0	0	0	0	
6	1232	1242	1231	1236	876	876	1227	0	0	0	0	0	0	0	0	0	0	0	0	
6	1233	1223	1239	1244	1234	877	879	0	0	0	0	0	0	0	0	0	0	0	0	
9	1234	1225	1222	1223	1223	1233	1222	879	879	19	0	0	0	0	0	0	0	0	0	
5	1235	1237	870	1225	19	1246	0	0	0	0	0	0	0	0	0	0	0	0	0	
6	1236	1237	1248	1242	1232	1247	1227	0	0	0	0	0	0	0	0	0	0	0	0	
6	1237	1236	1227	1248	870	1235	1246	0	0	0	0	0	0	0	0	0	0	0	0	
8	1238	1292	1241	1249	20	1243	1243	1293	1231	0	0	0	0	0	0	0	0	0	0	
9	1239	1233	1240	1251	1245	1244	877	1229	878	1449	0	0	0	0	0	0	0	0	0	
7	1240	1251	1239	1250	1250	878	20	1252	0	0	0	0	0	0	0	0	0	0	0	
4	1241	1242	1238	1231	1243	0	0	0	0	0	0	0	0	0	0	0	0	0	0	
8	1242	1241	1231	1253	1232	1236	1247	1247	1243	0	0	0	0	0	0	0	0	0	0	
9	1243	1253	1458	1456	1249	1238	1238	1241	1242	1456	0	0	0	0	0	0	0	0	0	
6	1244	1233	1451	879	1239	1447	1451	0	0	0	0	0	0	0	0	0	0	0	0	
4	1245	1239	1447	1449	1448	0	0	0	0	0	0	0	0	0	0	0	0	0	0	
7	1246	1248	1237	1235	19	1451	1450	1248	0	0	0	0	0	0	0	0	0	0	0	
6	1247	1248	1253	1242	1242	1236	1452	0	0	0	0	0	0	0	0	0	0	0	0	
8	1248	1236	1237	1452	1247	1246	1246	1450	1453	0	0	0	0	0	0	0	0	0	0	
6	1249	1250	20	1456	1454	1238	1243	0	0	0	0	0	0	0	0	0	0	0	0	
7	1250	1249	1454	1455	1252	1240	1240	20	0	0	0	0	0	0	0	0	0	0	0	
6	1251	1240	1449	1239	1252	1457	589	0	0	0	0	0	0	0	0	0	0	0	0	
6	1252	1250	1251	1240	1457	1455	1455	0	0	0	0	0	0	0	0	0	0	0	0	
7	1253	1243	1242	1459	1458	1247	1452	1452	0	0	0	0	0	0	0	0	0	0	0	
8	1254	842	842	1156	841	883	883	1256	1258	0	0	0	0	0	0	0	0	0	0	
5	1255	883	883	1256	1270	1257	0	0	0	0	0	0	0	0	0	0	0	0	0	
6	1256	1258	885	1255	1254	1270	1270	0	0	0	0	0	0	0	0	0	0	0	0	
7	1257	1266	1270	1465	887	883	1255	1272	0	0	0	0	0	0	0	0	0	0	0	
6	1258	1256	842	880	1254	1259	885	0	0	0	0	0	0	0	0	0	0	0	0	
6	1259	1261	1258	880	885	885	1274	0	0	0	0	0	0	0	0	0	0	0	0	
7	1260	1157	881	1135	1261	880	880	9	0	0	0	0	0	0	0	0	0	0	0	
6	1261	1259	880	1260	881	1262	1274	0	0	0	0	0	0	0	0	0	0	0	0	
6	1262	1263	886	1261	881	1274	1274	0	0	0	0	0	0	0	0	0	0	0	0	
7	1263	881	1158	1158	1264	1262	1278	1278	0	0	0	0	0	0	0	0	0	0	0	
5	1264	1263	1278	1158	1267	1269	0	0	0	0	0	0	0	0	0	0	0	0	0	
11	1265	882	884	1167	1167	1165	1164	1277	1277	889	888	888	0	0	0	0	0	0	0	
6	1266	883	1257	882	882	1163	887	0	0	0	0	0	0	0	0	0	0	0	0	
8	1267	884	1166	1167	1158	1158	1268	1269	1264	0	0	0	0	0	0	0	0	0	0	
4	1268	884	888	1267	1269	0	0	0	0	0	0	0	0	0	0	0	0	0	0	
6	1269	888	888	1267	1268	1264	1278	0	0	0	0	0	0	0	0	0	0	0	0	
10	1270	1460	1272	1272	1257	1255	1256	1256	885	885	1271	0	0	0	0	0	0	0	0	
5	1271	1273	1270	1460	885	1461	0	0	0	0	0	0	0	0	0	0	0	0	0	
6	1272	1270	1270	1460	1465	1257	1462	0	0	0	0	0	0	0	0	0	0	0	0	
7	1273	1274	1461	1271	885	885	1275	607	0	0	0	0	0	0	0	0	0	0	0	
10	1274	1275	1273	885	1261	1262	1262	886	1259	609	609	0	0	0	0	0	0	0	0	
5	1275	607	1274	608	609	1273	0	0	0	0	0	0	0	0	0	0	0	0	0	
6	1276	216	609	886	1463	1463	610	0	0	0	0	0	0	0	0	0	0	0	0	
9	1277	1464	611	611	889	1265	882	1265	613	613	0	0	0	0	0	0	0	0	0	
9	1278	888	1466	1463	886	1263	1263	1264	1269	1466	0	0	0	0	0	0	0	0	0	
4	1279	1210	1280	1193	1281	0	0	0	0	0	0	0	0	0	0	0	0	0	0	
6	1280	1194	1279	1193	1282	1210	857	0	0	0	0	0	0	0	0	0	0	0	0	
9	1281	1300	859	859	1195	1193	1193	1279	1208	1300	0	0	0	0	0	0	0	0	0	
7	1282	1280	1211	1210	1212	857	1283	1283	0	0	0	0	0	0	0	0	0	0	0	
9	1283	1282	857	857	1196	1282	1197	1197	1284	1212	0	0	0	0	0	0	0	0	0	
6	1284	867	1285	1215	1212	1197	1283	0	0	0	0	0	0	0	0	0	0	0	0	
5	1285	1284	1197	1197	1198	890	0	0	0	0	0	0	0	0	0	0	0	0	0	
6	1286	867	890	1287	1217	891	1203	0	0	0	0	0	0	0	0	0	0	0	0	
5	1287	1201	1221	1286	1178	1217	0	0	0	0	0	0	0	0	0	0	0	0	0	
5	1288	892	1187	861	1204	868	0	0	0	0	0	0	0	0	0	0	0	0	0	
7	1289	863	1188	1204	864	1189	1185	1290	0	0	0	0	0	0	0	0	0	0	0	
5	1290	1291	864	875	1289	1185	0	0	0	0	0	0	0	0	0	0	0	0	0	
8	1291	894	1290	1185	1228	875	875	1184	1292	0	0	0	0	0	0	0	0	0	0	
8	1292	1238	20	1228	1293	1291	894	893	893	0	0	0	0	0	0	0	0	0	0	
9	1293	872	1238	1292	1231	1231	893	1294	1294	10	0	0	0	0	0	0	0	0	0	
5	1294	1295	893	853	1293	1293	0	0	0	0	0	0	0	0	0	0	0	0	0	
6	1295	10	1294	1425	1190	853	1296	0	0	0	0	0	0	0	0	0	0	0	0	
6	1296	1190	865	1297	1191	1295	10	0	0	0	0	0	0	0	0	0	0	0	0	
6	1297	865	1296	18	1191	1298	1298	0	0	0	0	0	0	0	0	0	0	0	0	
7	1298	1297	1191	1191	1192	1297	1213	18	0	0	0	0	0	0	0	0	0	0	0	
5	1299	866	1214	1300	858	1213	0	0	0	0	0	0	0	0	0	0	0	0	0	
7	1300	866	1299	1208	858	859	1281	1281	0	0	0	0	0	0	0	0	0	0	0	
5	1301	1304	1128	1152	1152	1311	0	0	0	0	0	0	0	0	0	0	0	0	0	
8	1302	843	1161	1304	1311	1311	1309	1303	1310	0	0	0	0	0	0	0	0	0	0	
6	1303	1314	1161	1307	1166	1302	1310	0	0	0	0	0	0	0	0	0	0	0	0	
7	1304	843	1302	1137	1137	1128	1301	1311	0	0	0	0	0	0	0	0	0	0	0	
7	1305	1163	895	1155	1155	897	1153	1312	0	0	0	0	0	0	0	0	0	0	0	
6	1306	1307	1314	1167	1162	1313	1313	0	0	0	0	0	0	0	0	0	0	0	0	
6	1307	1166	1303	1306	1166	1167	1314	0	0	0	0	0	0	0	0	0	0	0	0	
6	1308	896	896	1316	1315	1312	1153	0	0	0	0	0	0	0	0	0	0	0	0	
5	1309	1302	1311	1310	1317	1318	0	0	0	0	0	0	0	0	0	0	0	0	0	
6	1310	1314	1321	1303	1302	1309	1317	0	0	0	0	0	0	0	0	0	0	0	0	
9	1311	1302	1302	1318	1309	1301	1304	1152	1315	1315	0	0	0	0	0	0	0	0	0	
7	1312	1319	1316	1316	1308	1153	1305	897	0	0	0	0	0	0	0	0	0	0	0	
8	1313	895	1320	897	1162	1306	1306	1314	1322	0	0	0	0	0	0	0	0	0	0	
7	1314	1303	1310	1306	1307	1313	1322	1321	0	0	0	0	0	0	0	0	0	0	0	
9	1315	55	1318	1316	896	1308	1152	1311	1311	1467	0	0	0	0	0	0	0	0	0	
7	1316	1312	1467	1315	1319	1308	1312	1468	0	0	0	0	0	0	0	0	0	0	0	
7	1317	656	659	1318	1310	1309	1321	657	0	0	0	0	0	0	0	0	0	0	0	
6	1318	1315	657	1317	1311	1309	55	0	0	0	0	0	0	0	0	0	0	0	0	
6	1319	1312	1468	1316	1320	897	1469	0	0	0	0	0	0	0	0	0	0	0	0	
6	1320	1469	1319	1322	897	1313	56	0	0	0	0	0	0	0	0	0	0	0	0	
7	1321	1310	1322	1314	1317	1470	659	659	0	0	0	0	0	0	0	0	0	0	0	
7	1322	56	1320	1313	1314	1321	1470	1470	0	0	0	0	0	0	0	0	0	0	0	
9	1323	1326	907	907	1361	936	937	1342	1359	1359	0	0	0	0	0	0	0	0	0	
10	1324	936	936	1342	781	898	1336	1336	1359	1359	1352	0	0	0	0	0	0	0	0	
8	1325	1334	907	907	1326	939	1340	1340	1341	0	0	0	0	0	0	0	0	0	0	
6	1326	937	1323	938	939	907	1325	0	0	0	0	0	0	0	0	0	0	0	0	
3	1327	781	21	1328	0	0	0	0	0	0	0	0	0	0	0	0	0	0	0	
6	1328	901	1329	21	1335	987	1327	0	0	0	0	0	0	0	0	0	0	0	0	
6	1329	1328	987	780	984	1332	901	0	0	0	0	0	0	0	0	0	0	0	0	
6	1330	1179	17	1344	1343	899	899	0	0	0	0	0	0	0	0	0	0	0	0	
8	1331	1180	1180	17	850	3	1333	899	1333	0	0	0	0	0	0	0	0	0	0	
7	1332	1333	900	780	1329	1343	901	899	0	0	0	0	0	0	0	0	0	0	0	
8	1333	780	1332	14	774	899	1331	1331	3	0	0	0	0	0	0	0	0	0	0	
6	1334	1325	939	926	744	926	1340	0	0	0	0	0	0	0	0	0	0	0	0	
4	1335	1328	21	901	1350	0	0	0	0	0	0	0	0	0	0	0	0	0	0	
8	1336	21	781	1324	1324	1352	912	1380	1380	0	0	0	0	0	0	0	0	0	0	
7	1337	1340	1340	906	744	1110	1353	1353	0	0	0	0	0	0	0	0	0	0	0	
6	1338	831	831	1339	1116	1117	904	0	0	0	0	0	0	0	0	0	0	0	0	
7	1339	1346	1338	1117	904	904	1363	1355	0	0	0	0	0	0	0	0	0	0	0	
9	1340	744	1337	1337	905	1334	1325	1325	1356	1341	0	0	0	0	0	0	0	0	0	
7	1341	907	1325	1340	1356	1356	1357	907	0	0	0	0	0	0	0	0	0	0	0	
4	1342	936	1323	1324	1359	0	0	0	0	0	0	0	0	0	0	0	0	0	0	
7	1343	900	899	1332	1345	1330	778	983	0	0	0	0	0	0	0	0	0	0	0	
7	1344	903	1345	1179	1330	1179	1186	861	0	0	0	0	0	0	0	0	0	0	0	
5	1345	1344	1343	1366	903	778	0	0	0	0	0	0	0	0	0	0	0	0	0	
7	1346	902	1363	1339	1122	1120	1117	1117	0	0	0	0	0	0	0	0	0	0	0	
10	1347	902	1120	909	908	1364	1364	1119	835	835	5	0	0	0	0	0	0	0	0	
13	1348	1189	1189	1188	854	1186	903	903	1349	1187	1187	909	909	5	0	0	0	0	0	
5	1349	1348	1366	1365	903	909	0	0	0	0	0	0	0	0	0	0	0	0	0	
7	1350	1351	901	1335	21	1380	914	914	0	0	0	0	0	0	0	0	0	0	0	
5	1351	1350	914	982	1362	901	0	0	0	0	0	0	0	0	0	0	0	0	0	
7	1352	1359	1336	1324	912	912	1360	913	0	0	0	0	0	0	0	0	0	0	0	
7	1353	904	831	832	1337	1110	1337	906	0	0	0	0	0	0	0	0	0	0	0	
9	1354	904	933	934	934	1358	933	1355	1355	11	0	0	0	0	0	0	0	0	0	
8	1355	904	1339	1354	1354	1363	1168	1168	11	0	0	0	0	0	0	0	0	0	0	
6	1356	1340	905	1341	1341	1358	1358	0	0	0	0	0	0	0	0	0	0	0	0	
6	1357	935	934	934	1341	907	1358	0	0	0	0	0	0	0	0	0	0	0	0	
9	1358	934	904	1354	906	1357	1356	1356	905	906	0	0	0	0	0	0	0	0	0	
8	1359	1360	1352	1342	1323	1323	1361	1324	1324	0	0	0	0	0	0	0	0	0	0	
8	1360	1359	747	1367	1367	913	1361	1361	1352	0	0	0	0	0	0	0	0	0	0	
7	1361	1323	935	747	907	1359	1360	1360	0	0	0	0	0	0	0	0	0	0	0	
6	1362	901	982	983	982	900	1351	0	0	0	0	0	0	0	0	0	0	0	0	
6	1363	1346	1364	902	1339	1168	1355	0	0	0	0	0	0	0	0	0	0	0	0	
8	1364	1363	902	908	844	1347	1347	1168	1168	0	0	0	0	0	0	0	0	0	0	
6	1365	1169	908	1366	779	1349	909	0	0	0	0	0	0	0	0	0	0	0	0	
6	1366	1365	778	779	1349	903	1345	0	0	0	0	0	0	0	0	0	0	0	0	
8	1367	1376	1385	747	1368	1360	1360	916	916	0	0	0	0	0	0	0	0	0	0	
4	1368	747	1373	1376	1367	0	0	0	0	0	0	0	0	0	0	0	0	0	0	
6	1369	778	982	910	983	983	1377	0	0	0	0	0	0	0	0	0	0	0	0	
5	1370	844	1372	1168	1371	11	0	0	0	0	0	0	0	0	0	0	0	0	0	
6	1371	1372	919	1370	11	11	1387	0	0	0	0	0	0	0	0	0	0	0	0	
9	1372	1371	1378	1370	844	844	1169	1169	1377	919	0	0	0	0	0	0	0	0	0	
6	1373	1368	11	1387	933	933	1374	0	0	0	0	0	0	0	0	0	0	0	0	
6	1374	1404	1373	1387	1376	1392	1404	0	0	0	0	0	0	0	0	0	0	0	0	
6	1375	911	921	1481	1384	1384	1403	0	0	0	0	0	0	0	0	0	0	0	0	
8	1376	1367	1368	1404	1403	1404	1384	1374	1385	0	0	0	0	0	0	0	0	0	0	
9	1377	778	778	1379	1378	1169	779	1372	1369	910	0	0	0	0	0	0	0	0	0	
6	1378	1372	1377	919	919	1379	1386	0	0	0	0	0	0	0	0	0	0	0	0	
8	1379	911	915	1377	910	1388	1378	1386	1386	0	0	0	0	0	0	0	0	0	0	
10	1380	1389	22	1350	21	1336	1336	914	914	1383	912	0	0	0	0	0	0	0	0	
5	1381	910	982	1383	921	921	0	0	0	0	0	0	0	0	0	0	0	0	0	
7	1382	921	1383	1383	22	918	1405	918	0	0	0	0	0	0	0	0	0	0	0	
7	1383	982	914	1381	1380	22	1382	1382	0	0	0	0	0	0	0	0	0	0	0	
7	1384	1399	1398	1385	1375	1376	1403	1375	0	0	0	0	0	0	0	0	0	0	0	
5	1385	1367	1384	1376	916	1398	0	0	0	0	0	0	0	0	0	0	0	0	0	
8	1386	919	1378	1379	1379	1388	1402	1391	1391	0	0	0	0	0	0	0	0	0	0	
7	1387	1373	11	1374	1371	917	1392	1393	0	0	0	0	0	0	0	0	0	0	0	
4	1388	1379	1386	1402	915	0	0	0	0	0	0	0	0	0	0	0	0	0	0	
5	1389	912	1380	920	22	916	0	0	0	0	0	0	0	0	0	0	0	0	0	
5	1390	919	1391	1471	917	1472	0	0	0	0	0	0	0	0	0	0	0	0	0	
6	1391	1402	1390	919	1386	1386	1472	0	0	0	0	0	0	0	0	0	0	0	0	
8	1392	1395	1404	1374	1387	1393	1474	1474	1473	0	0	0	0	0	0	0	0	0	0	
5	1393	1471	1392	1387	917	1474	0	0	0	0	0	0	0	0	0	0	0	0	0	
6	1394	1395	1475	1478	1403	1402	915	0	0	0	0	0	0	0	0	0	0	0	0	
8	1395	1394	1403	1476	1475	1404	1392	1473	1473	0	0	0	0	0	0	0	0	0	0	
7	1396	1480	918	918	22	920	1480	1397	0	0	0	0	0	0	0	0	0	0	0	
7	1397	725	1479	920	1396	1400	726	726	0	0	0	0	0	0	0	0	0	0	0	
9	1398	1399	1384	1401	916	916	1385	1483	1483	736	0	0	0	0	0	0	0	0	0	
4	1399	1398	1384	1481	1483	0	0	0	0	0	0	0	0	0	0	0	0	0	0	
6	1400	1397	920	1401	726	1484	1484	0	0	0	0	0	0	0	0	0	0	0	0	
6	1401	1400	920	1398	1484	736	736	0	0	0	0	0	0	0	0	0	0	0	0	
9	1402	1477	1472	1472	1391	1478	1386	1394	1388	915	0	0	0	0	0	0	0	0	0	
9	1403	1395	1404	1376	1384	1375	911	911	1394	915	0	0	0	0	0	0	0	0	0	
7	1404	1395	1403	1392	1376	1376	1374	1374	0	0	0	0	0	0	0	0	0	0	0	
4	1405	918	921	1382	1482	0	0	0	0	0	0	0	0	0	0	0	0	0	0	
2	1406	791	790	0	0	0	0	0	0	0	0	0	0	0	0	0	0	0	0	
11	1407	791	791	820	820	1429	1015	1015	6	1446	1087	1087	0	0	0	0	0	0	0	
4	1408	797	1088	1429	799	0	0	0	0	0	0	0	0	0	0	0	0	0	0	
9	1409	1432	383	383	121	801	1041	1041	376	1430	0	0	0	0	0	0	0	0	0	
7	1410	802	1039	1037	1035	1036	117	377	0	0	0	0	0	0	0	0	0	0	0	
9	1411	377	119	119	381	382	382	805	1431	120	0	0	0	0	0	0	0	0	0	
10	1412	426	426	424	1435	1436	1436	387	1048	1048	808	0	0	0	0	0	0	0	0	
10	1413	123	810	125	35	35	389	430	1435	125	1055	0	0	0	0	0	0	0	0	
8	1414	1442	1068	1058	1069	126	126	392	1438	0	0	0	0	0	0	0	0	0	0	
7	1415	1059	1440	1439	1060	127	127	394	0	0	0	0	0	0	0	0	0	0	0	
11	1416	126	812	129	400	400	401	1439	129	1442	1067	1442	0	0	0	0	0	0	0	
6	1417	813	403	1419	1418	1418	132	0	0	0	0	0	0	0	0	0	0	0	0	
7	1418	1082	813	1072	415	1417	1417	132	0	0	0	0	0	0	0	0	0	0	0	
9	1419	813	1417	403	403	405	406	406	1073	1073	0	0	0	0	0	0	0	0	0	
7	1420	1444	115	1081	1081	407	814	1076	0	0	0	0	0	0	0	0	0	0	0	
7	1421	407	408	411	814	1443	1079	1079	0	0	0	0	0	0	0	0	0	0	0	
5	1422	1090	817	1443	135	1423	0	0	0	0	0	0	0	0	0	0	0	0	0	
5	1423	1090	1090	415	1422	135	0	0	0	0	0	0	0	0	0	0	0	0	0	
3	1424	819	820	1088	0	0	0	0	0	0	0	0	0	0	0	0	0	0	0	
15	1425	636	180	173	173	1295	853	853	7	1426	855	855	1190	1427	1427	40	0	0	0	
14	1426	855	526	179	179	23	180	180	1425	1428	993	993	1	341	341	0	0	0	0	
11	1427	989	339	340	340	40	98	98	1428	1425	7	1425	0	0	0	0	0	0	0	
6	1428	341	993	98	1427	989	1426	0	0	0	0	0	0	0	0	0	0	0	0	
4	1429	1015	1408	797	1407	0	0	0	0	0	0	0	0	0	0	0	0	0	0	
8	1430	1033	801	379	1034	1045	1045	1409	376	0	0	0	0	0	0	0	0	0	0	
4	1431	805	1036	1411	377	0	0	0	0	0	0	0	0	0	0	0	0	0	0	
4	1432	1409	1041	383	120	0	0	0	0	0	0	0	0	0	0	0	0	0	0	
8	1433	1434	1047	123	390	390	391	807	807	0	0	0	0	0	0	0	0	0	0	
8	1434	1433	391	391	140	1047	1437	1049	1049	0	0	0	0	0	0	0	0	0	0	
7	1435	125	1048	35	1412	424	1413	810	0	0	0	0	0	0	0	0	0	0	0	
7	1436	808	1050	1049	1412	1412	1437	387	0	0	0	0	0	0	0	0	0	0	0	
7	1437	387	140	140	141	1436	1049	1434	0	0	0	0	0	0	0	0	0	0	0	
7	1438	1058	1414	392	392	396	1441	1063	0	0	0	0	0	0	0	0	0	0	0	
8	1439	1060	812	1061	1415	1416	129	394	394	0	0	0	0	0	0	0	0	0	0	
7	1440	1062	1415	1059	1441	127	395	395	0	0	0	0	0	0	0	0	0	0	0	
7	1441	1440	1062	1063	395	1438	396	396	0	0	0	0	0	0	0	0	0	0	0	
6	1442	1067	1414	1068	126	1416	1416	0	0	0	0	0	0	0	0	0	0	0	0	
9	1443	1079	1422	817	135	135	1421	411	411	136	0	0	0	0	0	0	0	0	0	
6	1444	1420	1081	412	115	33	1445	0	0	0	0	0	0	0	0	0	0	0	0	
4	1445	134	1444	33	1081	0	0	0	0	0	0	0	0	0	0	0	0	0	0	
3	1446	1084	1085	1407	0	0	0	0	0	0	0	0	0	0	0	0	0	0	0	
7	1447	1244	1245	1451	1448	581	581	585	0	0	0	0	0	0	0	0	0	0	0	
6	1448	1447	1245	581	1449	582	582	0	0	0	0	0	0	0	0	0	0	0	0	
7	1449	1251	1245	1239	1448	582	589	589	0	0	0	0	0	0	0	0	0	0	0	
8	1450	1246	1451	1248	584	584	587	1453	587	0	0	0	0	0	0	0	0	0	0	
10	1451	1244	1244	1447	1246	19	1450	879	584	585	585	0	0	0	0	0	0	0	0	
8	1452	1248	1453	586	1459	1253	1253	1247	1459	0	0	0	0	0	0	0	0	0	0	
8	1453	586	587	583	583	206	1452	1248	1450	0	0	0	0	0	0	0	0	0	0	
7	1454	1250	1249	588	578	590	1455	1456	0	0	0	0	0	0	0	0	0	0	0	
6	1455	1250	1454	590	1457	1252	1252	0	0	0	0	0	0	0	0	0	0	0	0	
7	1456	1249	1243	1243	588	1454	1458	591	0	0	0	0	0	0	0	0	0	0	0	
6	1457	1251	1252	589	1455	590	590	0	0	0	0	0	0	0	0	0	0	0	0	
6	1458	591	1243	1253	1459	580	1456	0	0	0	0	0	0	0	0	0	0	0	0	
7	1459	1253	580	1458	586	206	1452	1452	0	0	0	0	0	0	0	0	0	0	0	
6	1460	1270	1462	1272	1271	1461	606	0	0	0	0	0	0	0	0	0	0	0	0	
7	1461	1273	214	213	607	1460	1271	606	0	0	0	0	0	0	0	0	0	0	0	
6	1462	606	592	1460	614	1465	1272	0	0	0	0	0	0	0	0	0	0	0	0	
9	1463	1278	1276	886	886	1276	1466	616	616	610	0	0	0	0	0	0	0	0	0	
4	1464	1277	613	612	611	0	0	0	0	0	0	0	0	0	0	0	0	0	0	
8	1465	887	1257	613	882	1272	1462	614	613	0	0	0	0	0	0	0	0	0	0	
6	1466	1278	1278	888	1463	617	616	0	0	0	0	0	0	0	0	0	0	0	0	
7	1467	1316	55	1315	654	1468	655	655	0	0	0	0	0	0	0	0	0	0	0	
6	1468	1319	655	651	1467	1316	1469	0	0	0	0	0	0	0	0	0	0	0	0	
7	1469	1320	233	651	651	1468	1319	56	0	0	0	0	0	0	0	0	0	0	0	
7	1470	56	1322	1322	1321	658	659	659	0	0	0	0	0	0	0	0	0	0	0	
7	1471	1390	1393	917	1472	720	1474	1474	0	0	0	0	0	0	0	0	0	0	0	
10	1472	1402	1402	1471	1390	720	720	1391	731	1477	722	0	0	0	0	0	0	0	0	
6	1473	721	1476	1474	1395	1395	1392	0	0	0	0	0	0	0	0	0	0	0	0	
9	1474	730	721	720	1473	1392	1392	1393	1471	1471	0	0	0	0	0	0	0	0	0	
5	1475	1394	1395	1476	735	1478	0	0	0	0	0	0	0	0	0	0	0	0	0	
6	1476	1395	735	735	1475	1473	721	0	0	0	0	0	0	0	0	0	0	0	0	
5	1477	1402	722	1472	1478	734	0	0	0	0	0	0	0	0	0	0	0	0	0	
8	1478	735	717	1394	1402	1475	708	708	1477	0	0	0	0	0	0	0	0	0	0	
4	1479	1397	1480	724	1480	0	0	0	0	0	0	0	0	0	0	0	0	0	0	
9	1480	1396	1396	1479	1479	724	724	723	1482	918	0	0	0	0	0	0	0	0	0	
9	1481	1399	1375	921	921	1482	737	737	57	1483	0	0	0	0	0	0	0	0	0	
7	1482	918	1481	1405	737	1480	723	723	0	0	0	0	0	0	0	0	0	0	0	
8	1483	736	1398	1398	1399	727	1481	57	57	0	0	0	0	0	0	0	0	0	0	
8	1484	740	719	728	726	1400	1400	1401	736	0	0	0	0	0	0	0	0	0	0	
